I numeri riordinati sono: 
36
42
62
69
86
99
100
109
110
112
126
134
141
162
163
170
170
179
181
185
204
208
213
216
220
221
223
232
233
266
271
291
298
306
308
317
328
333
344
353
368
380
385
386
388
389
394
400
405
424
428
443
456
476
499
514
514
527
528
534
539
542
544
562
563
569
573
594
604
605
617
627
654
654
656
664
669
669
670
680
690
705
712
720
729
733
740
763
772
775
779
795
797
799
816
823
833
854
868
874
874
874
901
901
903
907
917
920
922
932
949
952
954
960
967
968
978
990
1012
1019
1035
1038
1040
1046
1047
1051
1052
1072
1077
1079
1082
1084
1090
1100
1106
1117
1120
1133
1143
1146
1152
1176
1184
1193
1196
1206
1208
1209
1222
1239
1244
1246
1257
1275
1283
1302
1308
1309
1315
1320
1322
1327
1346
1378
1382
1388
1390
1393
1400
1402
1410
1415
1420
1438
1440
1441
1455
1456
1457
1457
1461
1475
1479
1481
1513
1547
1549
1555
1566
1566
1589
1591
1591
1594
1608
1615
1627
1629
1632
1645
1655
1658
1659
1664
1690
1700
1702
1714
1752
1753
1757
1778
1788
1805
1813
1826
1856
1861
1865
1879
1880
1882
1885
1910
1919
1928
1938
1947
1963
1968
1970
1972
1978
1990
1994
2008
2010
2021
2025
2028
2054
2055
2059
2068
2072
2087
2108
2111
2113
2123
2129
2132
2138
2150
2160
2166
2170
2184
2191
2216
2218
2226
2230
2232
2235
2244
2255
2257
2270
2290
2297
2317
2319
2337
2342
2343
2347
2351
2356
2372
2375
2382
2389
2390
2401
2404
2406
2408
2412
2415
2422
2425
2428
2428
2432
2436
2442
2444
2446
2449
2458
2465
2485
2496
2497
2512
2513
2520
2529
2541
2555
2560
2575
2576
2585
2590
2596
2601
2606
2610
2614
2620
2630
2634
2636
2637
2639
2646
2654
2664
2665
2679
2687
2695
2710
2726
2752
2752
2757
2762
2774
2776
2779
2780
2785
2788
2829
2863
2880
2887
2889
2894
2898
2910
2921
2921
2945
2952
2960
2964
2974
2976
2980
2986
2992
2997
3002
3004
3010
3023
3058
3062
3069
3084
3088
3092
3093
3118
3123
3138
3164
3166
3171
3173
3174
3179
3184
3193
3203
3207
3250
3262
3264
3264
3266
3275
3278
3280
3288
3299
3302
3321
3340
3355
3365
3369
3375
3411
3413
3415
3416
3418
3420
3421
3424
3446
3474
3475
3477
3507
3509
3513
3518
3524
3536
3554
3558
3568
3588
3605
3611
3613
3624
3628
3630
3642
3676
3679
3691
3693
3697
3704
3719
3729
3746
3747
3757
3762
3768
3780
3805
3814
3815
3826
3831
3833
3839
3839
3848
3856
3859
3867
3960
3977
3978
3981
3993
4001
4008
4020
4022
4034
4035
4038
4044
4069
4074
4083
4087
4095
4104
4106
4132
4142
4144
4150
4155
4168
4178
4182
4189
4205
4207
4207
4210
4217
4220
4228
4231
4237
4243
4262
4281
4283
4284
4302
4304
4318
4322
4326
4334
4336
4341
4346
4370
4371
4373
4376
4377
4379
4385
4389
4395
4399
4417
4419
4421
4422
4425
4425
4437
4449
4463
4464
4485
4490
4509
4524
4528
4532
4541
4551
4553
4555
4561
4562
4566
4587
4592
4606
4614
4619
4622
4625
4632
4643
4644
4647
4652
4664
4684
4712
4720
4728
4738
4761
4790
4793
4811
4828
4837
4847
4855
4864
4865
4867
4867
4868
4870
4873
4886
4893
4897
4900
4905
4905
4913
4918
4931
4940
4950
4951
4951
4957
4990
5001
5004
5006
5007
5021
5024
5026
5036
5037
5048
5054
5069
5077
5095
5105
5122
5131
5151
5152
5156
5159
5160
5166
5167
5174
5181
5198
5223
5246
5248
5251
5254
5257
5257
5258
5275
5281
5282
5283
5287
5301
5303
5303
5304
5329
5342
5365
5371
5407
5416
5429
5433
5465
5468
5472
5473
5495
5499
5507
5509
5537
5406
5555
5571
5581
5581
5591
5592
5593
5599
5607
5623
5629
5634
5659
5669
5673
5678
5688
5704
5709
5735
5745
5748
5749
5752
5756
5760
5761
5774
5781
5785
5786
5797
5799
5815
5825
5827
5831
5850
5851
5879
5881
5882
5886
5888
5897
5932
5944
5950
5964
5972
5983
5997
5999
6001
6002
6004
6009
6011
6019
6036
6051
6053
6059
6060
6084
6087
6088
6104
6130
6137
6139
6139
6146
6147
6148
6151
6157
6172
6173
6179
6181
6182
6186
6191
6195
6214
6228
6240
6243
6249
6256
6283
6286
6286
6308
6316
6331
6343
6344
6376
6382
6390
6391
6394
6404
6407
6430
6434
6436
6468
6482
6484
6492
6496
6503
6504
6508
6522
6532
6542
6564
6574
6576
6592
6599
6623
6638
6643
6645
6647
6650
6661
6662
6662
6667
6681
6683
6685
6691
6693
6696
6697
6717
6729
6760
6772
6791
6791
6800
6805
6811
6813
6829
6873
6879
6890
6905
6906
6907
6912
6918
6934
6941
6943
6961
6965
7011
7018
7020
7022
7040
7046
7049
7065
7067
7078
7088
7089
7091
7096
7098
7119
7120
7122
7123
7124
7126
7137
7139
7160
7161
7171
7186
7194
7198
7201
7220
7225
7225
7229
7231
7245
7246
7261
7263
7264
7269
7269
7276
7294
7297
7307
7315
7331
7333
7334
7343
7344
7356
7357
7362
7363
7369
7382
7385
7396
7399
7411
7419
7421
7424
7425
7438
7441
7442
7454
7460
7489
7491
7509
7516
7525
7529
7543
7545
7552
7569
7583
7599
7608
7612
7625
7629
7632
7651
7678
7680
7684
7686
7697
7698
7700
7711
7715
7718
7718
7722
7723
7725
7726
7731
7735
7786
7809
7825
7830
7834
7835
7838
7847
7851
7855
7859
7861
7865
7868
7875
7882
7887
7893
7900
7910
7911
7928
7930
7936
7938
7943
7945
7951
7956
7966
7969
7971
7972
7983
7992
7999
8003
8004
8011
8015
8017
8024
8028
8039
8041
8043
8044
8058
8062
8063
8066
8067
8071
8072
8075
8084
8089
8090
8095
8097
8110
8117
8130
8152
8156
8178
8180
8185
8198
8210
8213
8214
8216
8248
8255
8261
8277
8283
8287
8309
8316
8319
8322
8333
8352
8356
8364
8368
8371
8377
8378
8391
8397
8400
8410
8423
8426
8429
8431
8437
8445
8452
8476
8484
8503
8512
8516
8521
8526
8530
8553
8564
8570
8571
8572
8580
8585
8588
8590
8604
8605
8614
8628
8633
8639
8640
8643
8661
8668
8669
8674
8675
8678
8693
8709
8737
8737
8742
8749
8752
8759
8765
8767
8768
8779
8802
8803
8805
8816
8820
8837
8853
8867
8871
8873
8875
8883
8906
8908
8913
8921
8924
8928
8940
8942
8951
8954
8961
8978
9000
9002
9005
9009
9012
9027
9035
9038
9038
9047
9061
9064
9065
9069
9091
9094
9114
9133
9146
9146
9167
9172
9185
9196
9203
9211
9211
9211
9228
9237
9238
9240
9241
9243
9252
9252
9263
9266
9269
9269
9276
9284
9315
9340
9342
9342
9342
9342
9342
9348
9351
9353
9356
9356
9357
9359
9377
9386
9415
7315
7307
9436
7331
9446
9453
9456
9456
9457
9460
9473
9476
9483
9485
9498
9506
9532
9550
9552
9561
9565
9572
9578
9588
9609
9637
9640
9641
9642
9647
9649
9659
9660
9670
9672
9678
9710
9719
9723
9749
9752
9757
9760
9761
9765
9770
9777
9778
9783
9785
9815
9823
9826
9828
9831
9832
9836
9842
9849
9855
9864
9872
9876
9885
9886
9897
9898
9905
9919
9920
9924
9941
9949
9956
9963
9979
9995
