I numeri riordinati sono: 
36
42
62
69
86
99
100
109
110
112
126
134
141
162
163
170
170
179
181
185
204
208
213
216
220
221
223
232
233
266
271
291
298
306
308
317
328
333
344
353
368
380
385
386
388
389
394
400
405
424
428
443
456
476
499
514
514
527
528
534
539
542
544
562
563
573
594
605
664
669
669
680
569
690
604
617
729
772
797
799
854
627
654
907
654
917
705
952
740
1019
833
1052
1077
1146
1222
1309
901
1608
1885
712
2317
656
2356
2401
2406
2415
2436
2444
2458
2465
2485
2496
2520
2529
2555
2560
2575
2585
2590
2596
2601
2606
2610
2614
2620
2630
2634
2636
2637
2639
2646
2664
2679
2695
2710
2752
2757
2762
2774
2779
2780
2785
2788
2829
2863
2687
2880
2887
2894
2898
2910
2921
2945
2952
2980
2986
2997
3002
3004
3010
3023
3058
3069
3088
3093
3118
3123
3138
3164
3166
3171
3173
3174
3179
3184
3193
3207
3250
3262
3264
3266
3278
3280
3288
3299
3302
3321
3340
3355
3365
3369
3375
3411
3413
3415
3416
3418
3420
3421
2776
3446
3474
3475
3477
3507
3513
3518
3524
3536
3558
3568
3588
3605
3611
2160
3613
3628
3630
3642
3676
3679
3693
3697
3704
3729
3746
3747
3757
3762
3768
3780
3805
3815
3826
3831
3833
3839
3848
3856
3859
3867
3960
3977
3978
3981
3993
4001
1193
4008
4020
4022
4034
4035
4038
4044
4069
4074
4087
4095
4104
4106
4132
4142
4144
4150
4155
4168
978
4178
4189
4205
4207
4210
4217
4220
4231
4243
4262
4281
4283
4284
4302
4304
4318
4322
4326
4334
4341
4346
4369
4371
4373
4376
4385
4389
4395
4399
4417
4419
4421
4422
4425
4437
4449
4463
4464
4485
4490
4509
4524
2408
4528
4532
4541
4551
4553
4555
4562
4566
4587
4592
4606
4614
4619
4622
4625
4632
4643
4644
4647
4652
4664
4684
4712
4728
4761
4779
4790
4793
4811
4828
4846
4847
4855
4864
2752
4865
4867
4886
4893
4897
4900
4905
4913
4918
4931
4940
4950
4951
4957
4981
4990
5001
5004
5006
5007
5024
5026
5036
5037
5048
5054
5069
5077
5095
5122
5131
5151
5156
5159
5160
5167
5181
5198
5246
5248
5251
5254
5257
5258
5281
5282
5283
5287
5301
5304
5329
5365
2337
5371
5392
5406
5416
5429
5465
5468
5472
5495
5499
5509
5537
5571
5581
5591
5592
5593
5599
5599
1629
5606
5623
5629
5646
5659
5669
5673
5688
5704
5709
5745
5748
5749
2123
5752
5756
5760
5761
5774
5781
5785
5786
5797
5799
5815
5825
5827
5831
5850
5851
5879
5881
5882
5886
5888
2389
5897
5932
5950
1457
1566
1591
5964
5972
5997
5999
6001
6002
6004
6009
6011
6019
6036
6051
6053
6060
6087
6088
6104
6147
6151
6172
6179
6181
6182
2422
6186
6191
6195
1928
6214
6228
779
6243
6249
6256
6283
6286
6316
6331
6343
6376
5166
4870
6390
6394
960
6404
4370
2356
775
6407
6430
6434
6436
6468
1778
6482
6484
6496
6503
6504
6508
6522
6532
6542
6574
6592
6599
6623
6643
6645
6650
6661
6681
6683
6685
6691
6697
6717
6729
6760
6772
6800
6805
6811
6813
6829
6832
6861
6869
6873
6879
6890
6906
6907
6912
5507
1047
6918
6934
6943
6961
6965
2976
7011
7018
7020
1826
7022
7040
7046
7067
7078
7088
7089
7091
7096
2726
7098
7119
7120
7122
7123
7124
1106
7126
7161
7186
7194
7198
1547
2255
2290
1690
1805
1968
1990
2319
7220
7229
7261
7264
7307
7315
7331
7333
7334
3814
7343
1702
7356
7357
7362
7369
1320
7382
7385
7396
6492
7399
7419
7424
7425
1632
1120
7441
3084
7442
7454
7460
7509
7516
2230
7529
7543
7545
2446
7552
7569
7599
7608
7612
7625
7629
7632
7651
7678
7684
3092
7686
7697
7700
3554
7715
7722
7723
7725
7731
7735
7786
7825
7830
7834
7835
7838
7847
2513
7851
7855
7861
7865
967
2343
1244
7868
7875
7882
7887
7893
7900
7911
7928
1994
7930
3203
7936
7938
7945
1257
7951
7966
7969
7971
7972
7983
7992
7999
8003
8004
8011
8015
8017
8028
8039
8041
8044
8058
8062
8063
8066
8067
1327
8075
3275
8089
8095
8097
4379
8110
8117
1978
1865
2541
2382
2129
1919
920
949
874
1072
1208
1209
1302
1322
2055
8130
8152
8156
8178
2428
8180
8185
8198
8210
8213
8214
8216
8248
8261
8277
8283
1100
8287
8309
8319
8322
8333
1400
8352
8356
8364
8368
8371
8084
8377
8378
2390
8391
8397
8400
8410
1315
8423
8429
8437
8445
1378
8452
1513
8512
922
1082
1410
8516
5223
5303
5555
968
1438
874
6130
6139
6173
6308
6344
6391
6576
6662
6791
6905
7225
7245
7263
1283
7363
7680
7718
7910
4790
5105
5555
5678
6139
6662
6791
7225
7718
8043
8431
874
8521
1938
4377
5634
7269
7269
8526
8530
2068
2375
2342
2132
2415
823
8553
6059
6084
6240
7231
7525
7943
8090
8564
8570
8571
5433
6696
7698
8072
8572
8580
8585
8588
8590
8604
8605
8614
8628
8633
8633
4083
8639
1196
8640
8643
4867
4951
5174
8640
1012
1457
1753
8643
4873
8661
8668
8669
8674
8675
8678
8693
1594
8737
7583
8737
2485
8742
8749
8752
7344
7171
1752
1090
1184
2170
2372
2347
1627
2401
1415
1461
1479
1757
1813
1861
1382
1440
1645
1856
1880
1947
1972
2008
2010
2054
2108
2150
2235
2244
2257
2270
2297
8759
8765
6148
8767
8768
1084
8779
8802
8803
8816
3509
8820
8837
8853
8867
8871
8873
4237
8875
1046
8883
8906
1035
1591
3424
8908
8913
1308
8921
8924
8928
8940
4561
8942
2960
8951
2576
2444
8954
3062
2442
1038
1239
8961
1246
8978
9002
7421
9005
2059
9009
8805
9012
2665
9027
1664
1143
9035
9038
5944
9038
1882
1615
2585
2432
1079
1133
1152
1346
9047
4182
9061
2425
2232
1910
2216
9064
2191
9065
3624
1970
1963
1549
9069
9091
2964
1275
1393
9094
7246
1176
9114
2072
2654
2889
2992
3691
3719
4228
5275
5473
5607
6137
6693
6941
7065
7711
9133
5735
2436
1040
1051
1117
1206
1441
1655
1456
1475
1659
2025
2138
2166
2184
2218
9146
8255
9146
2449
9167
9172
954
990
9196
2226
9203
9211
2412
2575
1658
1788
2087
9211
9211
1402
1714
1420
9228
8024
1390
9237
5407
932
1481
1566
1589
2021
2028
2113
9238
1700
2974
3839
4336
4720
4738
4837
4868
5021
5152
5342
5983
6146
6157
6382
6564
6638
6647
7137
7139
7160
7201
7276
7294
7297
7438
7489
7491
7726
7809
7859
9240
7956
8316
8426
8476
8484
8503
8709
7049
9000
9185
9241
9243
9252
2512
9252
9263
2404
2529
9266
9269
9269
2351
9276
9284
1555
9315
2111
9340
7411
9342
9342
9342
9342
9342
9348
9351
9353
9356
9356
9357
9359
9377
9386
9415
2497
1879
9436
6667
9446
9453
9456
9456
9457
9460
9473
9476
9483
9485
9498
9506
9532
9550
9552
9561
9565
9572
9578
9588
9609
9637
9640
9641
9642
9647
9649
9659
9660
9670
9672
9678
9710
9719
9723
9749
9752
9757
9760
9761
9765
9770
9777
9778
9783
9785
9815
9823
9826
9828
9831
9832
9836
9842
9849
9855
9864
9872
9876
9885
9886
9897
9898
9905
9919
9920
9924
9941
9949
9956
9963
9979
9995
