I numeri riordinati sono: 
2
5
7
9
10
12
13
19
20
31
36
37
43
59
68
83
100
101
109
110
112
118
131
157
190
197
225
227
234
238
240
252
255
268
272
277
282
296
298
330
345
362
393
395
398
418
422
426
429
444
455
457
460
470
497
498
501
512
524
524
526
527
530
530
550
567
569
580
584
593
599
600
621
622
630
636
640
643
648
650
656
660
673
674
688
694
705
716
719
720
729
731
737
738
741
747
785
789
796
807
816
824
830
835
840
842
866
869
892
896
908
926
929
931
937
938
939
945
947
948
952
965
966
972
984
988
995
1000
1012
1022
1028
1047
1050
1054
1074
1082
1098
1102
1114
1122
1134
1135
1138
1139
1142
1145
1149
1156
1156
1162
1171
1182
1189
1207
1208
1210
1211
1222
1228
1236
1252
1259
1268
1277
1279
1290
1304
1306
1313
1324
1349
1358
1358
1359
1364
1367
1379
1380
1398
1402
1419
1421
1425
1426
1428
1430
1432
1442
1449
1451
1469
1482
1485
1490
1497
1510
1518
1526
1540
1548
1559
1560
1564
1597
1598
1604
1609
1617
1619
1620
1634
1639
1642
1647
1653
1655
1657
1670
1674
1696
1698
1711
1729
1732
1738
1740
1741
1746
1772
1784
1794
1795
1806
1807
1810
1821
1825
1834
1838
1840
1847
1858
1861
1880
1882
1897
1898
1904
1907
1911
1912
1913
1914
1927
1942
1949
1950
1960
1968
1974
1980
1988
2008
2019
2033
2034
2044
2045
2046
2052
2053
2064
2070
2078
2096
2103
2110
2135
2144
2153
2156
2165
2169
2174
2180
2198
2214
2220
2234
2243
2272
2283
2290
2292
2298
2307
2315
2322
2340
2354
2357
2366
2372
2381
2392
2393
2394
2400
2406
2408
2411
2447
2451
2465
2470
2485
2491
2496
2511
2519
2524
2528
2545
2549
2551
2558
2573
2605
2614
2623
2625
2633
2636
2649
2651
2663
2664
2672
2674
2678
2683
2690
2691
2711
2712
2713
2718
2728
2728
2731
2746
2746
2747
2761
2761
2762
2762
2779
2790
2790
2794
2798
2804
2816
2817
2819
2823
2824
2829
2839
2870
2879
2887
2894
2912
2917
2919
2949
2951
2960
2962
2971
2974
2979
2980
2980
2992
3025
3030
3055
3088
3091
3096
3103
3104
3106
3108
3116
3134
3139
3144
3149
3152
3168
3171
3175
3184
3185
3188
3189
3194
3200
3205
3207
3216
3245
3247
3280
3292
3295
3305
3322
3326
3344
3360
3362
3365
3378
3379
3387
3405
3422
3425
3434
3442
3450
3454
3455
3458
3463
3484
3506
3511
3512
3528
3536
3540
3548
3549
3559
3560
3561
3570
3573
3583
3587
3598
3601
3602
3606
3608
3620
3624
3632
3633
3637
3643
3647
3669
3691
3692
3709
3714
3717
3740
3747
3755
3764
3770
3792
3799
3801
3805
3806
3813
3817
3826
3828
3836
3838
3851
3862
3873
3877
3881
3890
3896
3897
3913
3918
3935
3952
3953
3953
3955
3965
3971
3975
4006
4014
4021
4024
4061
4065
4070
4088
4091
4102
4108
4129
4137
4148
4156
4160
4166
4167
4169
4173
4175
4176
4188
4195
4196
4198
4202
4236
4245
4260
4266
4270
4288
4307
4318
4325
4332
4346
4351
4359
4371
4387
4414
4429
4439
4452
4463
4469
4477
4482
4487
4490
4495
4496
4504
4513
4515
4522
4523
4531
4532
4537
4545
4546
4547
4551
4570
4584
4590
4591
4596
4598
4605
4611
4624
4647
4667
4671
4676
4693
4705
4706
4707
4718
4726
4727
4737
4739
4745
4753
4780
4785
4807
4815
4822
4826
4838
4857
4858
4876
4878
4887
4919
4922
4927
4930
4932
4940
4945
4948
4955
4958
4959
4971
4976
4986
4991
5009
5013
5016
5020
5022
5031
5034
5037
5050
5051
5054
5062
5069
5076
5092
5102
5108
5118
5120
5122
5124
5128
5130
5140
5145
5173
5174
5175
5177
5180
5186
5187
5188
5194
5195
5200
5205
5230
5234
5247
5260
5271
5292
5299
5303
5306
5324
5325
5334
5339
5341
5362
5377
5398
5417
5420
5421
5429
5430
5446
5451
5452
5463
5467
5474
5478
5480
5483
5493
5498
5499
5510
5520
5521
5522
5526
5531
5538
5543
5551
5563
5577
5578
5581
5591
5592
5606
5607
5608
5620
5622
5631
5639
5642
5649
5662
5663
5664
5669
5672
5680
5683
5684
5688
5695
5701
5702
5703
5723
5726
5739
5752
5771
5775
5777
5803
5816
5817
5827
5833
5840
5850
5853
5866
5884
5889
5892
5893
5893
5916
5924
5943
5952
5968
5968
5974
5988
5989
5990
6000
6001
6005
6006
6012
6017
6019
6030
6038
6054
6056
6057
6062
6065
6083
6090
6098
6100
6101
6108
6136
6162
6164
6167
6170
6176
6188
6192
6208
6212
6220
6223
6228
6229
6230
6232
6244
6247
6248
6258
6265
6275
6288
6305
6311
6330
6335
6336
6353
6354
6359
6364
6368
6385
6389
6394
6396
6407
6418
6446
6459
6468
6473
6481
6491
6498
6500
6512
6517
6519
6523
6524
6525
6526
6528
6531
6536
6537
6546
6554
6556
6557
6561
6579
6583
6584
6591
6596
6612
6620
6622
6628
6633
6638
6649
6654
6663
6676
6682
6694
6701
6705
6707
6713
6715
6726
6728
6738
6756
6768
6770
6774
6777
6784
6790
6792
6793
6797
6800
6810
6812
6818
6819
6825
6857
6860
6876
6880
6882
6884
6887
6890
6921
6934
6937
6950
6956
6969
6971
6974
6975
6977
6990
6992
6996
7012
7021
7024
7028
7032
7040
7041
7047
7050
7073
7074
7087
7099
7103
7104
7107
7121
7122
7130
7133
7143
7152
7175
7178
7186
7188
7198
7206
7211
7214
7218
7220
7221
7251
7255
7256
7260
7270
7273
7286
7289
7298
7305
7324
7336
7344
7350
7360
7366
7366
7372
7387
7403
7418
7419
7430
7445
7447
7458
7458
7461
7469
7472
7476
7478
7480
7482
7486
7490
7493
7495
7506
7508
7533
7558
7586
7591
7606
7607
7616
7622
7631
7641
7646
7654
7655
7658
7663
7667
7667
7668
7671
7685
7694
7709
7720
7727
7730
7745
7746
7756
7757
7774
7776
7781
7785
7797
7822
7826
7827
7846
7848
7858
7864
7873
7883
7886
7904
7913
7930
7936
7945
7955
7957
7959
7968
7969
7978
7981
8016
8018
8025
8039
8047
8059
8060
8063
8074
8078
8092
8121
8125
8141
8143
8156
8185
8196
8205
8206
8207
8229
8230
8231
8235
8238
8240
8244
8250
8254
8263
8294
8302
8307
8316
8334
8339
8345
8346
8355
8357
8383
8394
8400
8425
8431
8439
8447
8451
8463
8467
8473
8484
8489
8494
8515
8522
8525
8536
8582
8591
8593
8600
8607
8611
8612
8638
8643
8651
8673
8680
8682
8683
8687
8688
8689
8704
8706
8738
8746
8775
8778
8782
8783
8810
8811
8818
8836
8839
8840
8859
8861
8866
8869
8878
8879
8884
8893
8898
8907
8909
8913
8927
8928
8949
8950
8954
8963
8973
8975
8979
8984
8985
8986
8989
8999
9000
9009
9011
9016
9036
9040
9063
9080
9082
9087
9099
9101
9104
9116
9124
9125
9126
9138
9139
9140
9146
9157
9159
9162
9168
9169
9170
9174
9176
9180
9184
9190
9195
9198
9215
9220
9229
9243
9254
9259
9262
9280
9312
9322
9324
9342
9347
9355
9356
9377
9380
9384
9385
9392
9393
9420
9426
9476
9479
9493
9497
9505
9514
9523
9529
9544
9545
9551
9566
9567
9574
9576
9581
9584
9588
9592
9598
9599
9606
9611
9616
9621
9628
9639
9660
9667
9674
9693
9704
9732
9742
9750
9759
9771
9781
9784
9785
9793
9803
9805
9808
9814
9817
9825
9846
9853
9856
9861
9865
9869
9880
9883
9898
9923
9933
9953
9956
9958
9986
10004
10011
10014
10016
10030
10033
10050
10068
10070
10074
10090
10095
10105
10110
10112
10116
10120
10121
10124
10129
10130
10140
10145
10146
10167
10175
10193
10204
10206
10215
10221
10270
10271
10305
10324
10334
10337
10349
10366
10382
10387
10398
10402
10411
10423
10424
10425
10433
10434
10437
10454
10456
10459
10464
10466
10470
10478
10479
10501
10501
10504
10510
10514
10516
10536
10541
10574
10589
10609
10610
10617
10618
10624
10627
10640
10641
10646
10656
10661
10663
10665
10668
10672
10673
10685
10688
10698
10707
10732
10735
10740
10748
10770
10784
10788
10799
10830
10849
10859
10869
10871
10877
10890
10894
10895
10912
10924
10932
10937
10963
10964
10968
10980
10981
10986
10998
11010
11021
11022
11029
11045
11046
11049
11071
11074
11087
11111
11134
11141
11154
11186
11193
11198
11204
11223
11224
11227
11242
11244
11270
11280
11286
11289
11311
11312
11320
11321
11332
11334
11345
11351
11360
11365
11375
11394
11396
11399
11410
11423
11452
11456
11459
11465
11476
11478
11480
11481
11503
11519
11521
11530
11538
11546
11548
11557
11574
11575
11584
11589
11590
11596
11598
11600
11604
11612
11618
11627
11628
11634
11642
11656
11661
11663
11674
11686
11714
11723
11724
11731
11754
11756
11759
11763
11765
11796
11800
11803
11805
11815
11820
11823
11845
11849
11850
11851
11859
11863
11872
11875
11882
11884
11886
11896
11909
11917
11929
11930
11946
11970
11979
11989
11999
12010
12020
12027
12035
12053
12056
12071
12081
12089
12093
12106
12114
12147
12149
12160
12169
12172
12175
12196
12201
12203
12215
12222
12232
12233
12246
12247
12249
12265
12300
12303
12309
12315
12318
12337
12360
12368
12390
12409
12411
12413
12414
12443
12444
12445
12462
12467
12480
12482
12494
12502
12509
12511
12518
12521
12524
12529
12538
12546
12548
12553
12555
12566
12576
12583
12595
12599
12608
12610
12614
12621
12628
12634
12635
12636
12645
12648
12650
12654
12657
12663
12680
12696
12703
12734
12744
12767
12781
12782
12784
12790
12796
12804
12813
12843
12853
12855
12856
12858
12873
12876
12882
12884
12892
12894
12929
12931
12936
12943
12945
12956
12973
13023
13050
13051
13060
13065
13073
13078
13085
13095
13099
13124
13131
13150
13158
13177
13190
13223
13229
13238
13262
13268
13294
13299
13305
13310
13316
13320
13325
13327
13329
13358
13389
13392
13399
13401
13411
13414
13426
13432
13445
13447
13450
13453
13456
13457
13459
13461
13472
13476
13491
13495
13520
13528
13529
13536
13537
13539
13544
13545
13568
13570
13575
13587
13597
13623
13628
13655
13659
13678
13693
13695
13697
13702
13706
13726
13730
13734
13736
13742
13748
13755
13764
13781
13783
13788
13801
13816
13819
13825
13826
13843
13847
13851
13864
13882
13887
13895
13900
13903
13930
13932
13937
13941
13951
13973
13975
13976
13979
13981
13986
13994
13996
14006
14006
14014
14023
14025
14029
14031
14039
14040
14064
14065
14069
14071
14079
14080
14100
14111
14113
14116
14118
14120
14125
14141
14142
14143
14144
14151
14162
14214
14225
14244
14248
14255
14261
14266
14274
14288
14291
14307
14320
14321
14329
14333
14340
14349
14351
14353
14359
14376
14377
14389
14392
14401
14408
14413
14439
14445
14446
14449
14453
14455
14457
14458
14476
14483
14499
14500
14502
14511
14522
14524
14527
14544
14566
14568
14571
14577
14585
14586
14593
14601
14602
14616
14617
14627
14637
14638
14656
14658
14664
14667
14668
14683
14693
14701
14715
14716
14722
14724
14732
14735
14739
14743
14745
14772
14773
14775
14778
14780
14784
14785
14796
14798
14803
14805
14808
14819
14823
14824
14829
14834
14836
14840
14842
14844
14859
14861
14884
14892
14893
14894
14895
14896
14934
14948
14973
14977
14980
14992
14996
14998
15001
15005
15010
15012
15013
15014
15032
15042
15043
15047
15049
15054
15056
15058
15059
15067
15068
15084
15085
15087
15098
15098
15125
15130
15133
15135
15136
15143
15151
15156
15169
15174
15182
15184
15187
15193
15203
15212
15214
15218
15226
15231
15235
15253
15255
15264
15266
15272
15286
15288
15290
15302
15318
15324
15330
15335
15340
15345
15346
15349
15355
15374
15391
15395
15396
15403
15436
15440
15454
15455
15456
15472
15480
15490
15499
15504
15508
15509
15523
15527
15541
15543
15543
15557
15560
15564
15571
15574
15607
15612
15616
15631
15635
15640
15653
15656
15659
15660
15662
15671
15692
15697
15705
15723
15733
15752
15764
15767
15768
15770
15772
15778
15799
15815
15820
15841
15844
15857
15859
15862
15863
15867
15872
15890
15893
15896
15899
15904
15908
15909
15915
15924
15945
15961
15982
15998
16001
16003
16017
16043
16044
16047
16048
16061
16077
16081
16104
16129
16137
16139
16149
16150
16152
16166
16180
16181
16186
16187
16195
16196
16206
16217
16225
16228
16230
16240
16243
16270
16272
16277
16285
16291
16292
16293
16308
16312
16329
16332
16333
16340
16345
16355
16359
16361
16367
16368
16372
16385
16394
16396
16404
16408
16414
16438
16446
16473
16481
16492
16497
16500
16510
16512
16520
16521
16522
16532
16539
16550
16554
16555
16560
16576
16599
16621
16623
16624
16625
16656
16660
16672
16687
16688
16696
16708
16710
16712
16713
16720
16734
16741
16742
16764
16784
16787
16807
16810
16811
16821
16825
16834
16849
16860
16878
16880
16890
16912
16914
16915
16918
16924
16940
16949
16953
16960
16961
16962
16970
16972
16979
16981
17008
17013
17020
17022
17026
17038
17052
17057
17058
17059
17063
17071
17079
17080
17082
17085
17088
17097
17101
17107
17112
17118
17152
17156
17173
17178
17190
17204
17205
17206
17207
17252
17260
17262
17264
17266
17279
17311
17312
17322
17332
17344
17348
17355
17358
17367
17377
17389
17404
17407
17409
17415
17432
17433
17441
17445
17446
17448
17457
17460
17467
17510
17541
17558
17572
17575
17580
17583
17584
17593
17594
17604
17606
17616
17622
17626
17632
17635
17644
17650
17651
17668
17670
17687
17694
17705
17715
17718
17719
17738
17755
17762
17775
17787
17800
17801
17802
17817
17820
17822
17826
17849
17851
17854
17855
17861
17877
17878
17891
17900
17921
17930
17935
17950
17960
17963
17972
17973
17977
17983
17985
17994
18002
18005
18032
18033
18035
18037
18052
18062
18064
18080
18083
18086
18100
18104
18110
18118
18138
18139
18157
18170
18173
18176
18185
18193
18197
18199
18205
18212
18219
18223
18224
18225
18233
18234
18237
18255
18264
18266
18280
18282
18287
18301
18306
18308
18310
18311
18312
18325
18327
18335
18337
18339
18346
18349
18352
18365
18367
18376
18384
18389
18414
18427
18428
18430
18432
18442
18447
18464
18485
18491
18500
18515
18530
18533
18571
18578
18583
18601
18607
18611
18616
18623
18638
18643
18647
18652
18655
18666
18678
18681
18683
18687
18701
18715
18728
18730
18732
18748
18751
18757
18763
18782
18787
18790
18796
18822
18830
18833
18864
18885
18889
18905
18908
18912
18913
18914
18919
18938
18954
18959
18972
18973
18988
18994
19025
19041
19049
19051
19066
19072
19114
19129
19133
19136
19144
19145
19160
19180
19195
19202
19209
19215
19228
19230
19232
19236
19247
19254
19255
19256
19260
19276
19286
19291
19307
19308
19312
19315
19316
19330
19339
19342
19360
19367
19383
19388
19390
19394
19398
19399
19407
19413
19436
19443
19447
19454
19457
19469
19476
19477
19479
19489
19490
19491
19497
19498
19503
19519
19520
19535
19540
19545
19547
19558
19572
19573
19576
19580
19593
19598
19601
19611
19619
19620
19621
19627
19629
19632
19650
19658
19673
19690
19695
19699
19703
19718
19723
19726
19729
19734
19758
19763
19765
19770
19775
19788
19790
19802
19814
19816
19822
19832
19843
19848
19852
19855
19867
19887
19897
19898
19922
19944
19960
19965
19971
19980
19991
20003
20012
20018
20022
20024
20034
20038
20043
20057
20063
20067
20070
20080
20091
20092
20093
20121
20124
20138
20144
20159
20196
20203
20206
20208
20213
20221
20232
20234
20237
20238
20250
20256
20269
20275
20283
20284
20286
20291
20293
20302
20324
20333
20347
20350
20358
20359
20377
20389
20397
20414
20422
20425
20430
20444
20449
20464
20468
20476
20478
20487
20490
20502
20505
20506
20511
20512
20525
20532
20550
20551
20554
20560
20566
20576
20591
20610
20612
20621
20622
20631
20637
20653
20656
20665
20667
20673
20675
20681
20685
20687
20690
20697
20708
20726
20727
20738
20739
20749
20756
20764
20768
20773
20783
20792
20795
20798
20800
20812
20813
20816
20834
20847
20848
20849
20865
20867
20868
20880
20894
20895
20896
20901
20916
20920
20929
20935
20938
20939
20950
20973
20976
20980
20981
20983
20992
21007
21010
21021
21022
21044
21059
21083
21091
21111
21132
21138
21142
21146
21150
21151
21161
21170
21181
21184
21187
21207
21211
21219
21222
21225
21230
21233
21239
21243
21253
21296
21300
21304
21310
21336
21343
21358
21372
21380
21392
21396
21398
21399
21406
21414
21421
21431
21436
21437
21439
21443
21451
21458
21461
21468
21472
21481
21487
21495
21497
21505
21514
21518
21523
21535
21539
21544
21556
21566
21570
21581
21588
21611
21627
21635
21638
21642
21664
21666
21668
21670
21671
21678
21686
21693
21695
21697
21700
21714
21717
21720
21721
21733
21761
21765
21766
21776
21781
21786
21791
21803
21814
21816
21839
21847
21858
21888
21906
21910
21958
21961
21965
21967
21969
21982
22006
22008
22012
22013
22017
22039
22046
22047
22048
22050
22052
22065
22081
22086
22092
22094
22112
22125
22157
22167
22172
22175
22188
22191
22193
22194
22206
22220
22234
22237
22249
22262
22267
22271
22286
22289
22292
22298
22299
22306
22311
22320
22330
22334
22349
22350
22356
22369
22372
22375
22378
22399
22400
22409
22417
22420
22430
22432
22447
22456
22465
22474
22479
22481
22494
22501
22506
22526
22531
22532
22533
22534
22541
22544
22547
22569
22591
22593
22596
22597
22600
22609
22611
22612
22615
22617
22620
22638
22645
22669
22670
22673
22681
22717
22723
22726
22737
22751
22764
22766
22771
22772
22793
22800
22817
22842
22846
22850
22856
22863
22865
22872
22888
22898
22903
22914
22924
22929
22939
22940
22945
22953
22988
22989
22999
23000
23004
23009
23010
23013
23014
23015
23019
23024
23036
23037
23044
23048
23050
23052
23054
23071
23075
23083
23084
23095
23096
23102
23105
23111
23113
23126
23129
23130
23134
23152
23163
23164
23185
23206
23213
23214
23219
23234
23235
23240
23244
23252
23262
23270
23279
23291
23292
23294
23311
23312
23320
23331
23333
23345
23355
23403
23412
23418
23419
23420
23422
23427
23435
23439
23484
23497
23515
23534
23536
23541
23547
23554
23574
23576
23578
23598
23600
23606
23620
23637
23641
23651
23662
23669
23673
23692
23693
23713
23725
23749
23753
23761
23767
23769
23775
23781
23783
23784
23802
23807
23808
23809
23809
23825
23836
23843
23844
23848
23852
23858
23868
23888
23892
23896
23912
23921
23925
23926
23932
23938
23947
23991
23992
23997
23999
24001
24019
24020
24023
24026
24038
24042
24060
24065
24068
24082
24084
24090
24098
24110
24123
24124
24127
24134
24142
24146
24152
24159
24160
24164
24186
24188
24190
24204
24220
24222
24223
24226
24233
24234
24249
24250
24251
24254
24263
24267
24269
24270
24274
24284
24286
24297
24327
24338
24357
24359
24373
24376
24394
24403
24437
24442
24443
24444
24455
24461
24463
24465
24471
24480
24495
24496
24512
24522
24523
24532
24542
24545
24548
24556
24568
24573
24575
24578
24589
24615
24622
24624
24632
24637
24639
24652
24654
24655
24656
24663
24664
24668
24691
24693
24695
24707
24708
24709
24721
24726
24728
24734
24740
24763
24765
24766
24768
24783
24785
24793
24806
24814
24819
24825
24834
24837
24840
24847
24858
24878
24898
24915
24916
24919
24920
24927
24942
24948
24956
24963
24982
24986
24987
24988
24991
24996
25000
25010
25012
25013
25016
25025
25028
25030
25036
25046
25062
25063
25064
25066
25069
25116
25117
25119
25130
25140
25146
25148
25160
25183
25191
25212
25215
25238
25239
25243
25245
25257
25274
25294
25302
25303
25310
25339
25354
25358
25360
25367
25381
25382
25385
25390
25391
25397
25401
25411
25418
25420
25421
25431
25435
25439
25441
25443
25448
25454
25457
25465
25473
25479
25486
25497
25505
25508
25541
25551
25557
25567
25573
25580
25606
25609
25612
25625
25628
25635
25648
25664
25666
25668
25669
25676
25700
25705
25726
25736
25750
25751
25775
25778
25780
25782
25790
25792
25793
25798
25806
25812
25851
25855
25864
25867
25868
25880
25891
25917
25921
25930
25933
25939
25949
25953
25959
25964
25966
25967
25970
25971
25973
25974
25979
25984
26002
26003
26004
26008
26012
26035
26036
26037
26069
26070
26095
26098
26106
26110
26113
26133
26187
26192
26201
26209
26229
26237
26267
26269
26272
26272
26280
26281
26284
26285
26290
26299
26302
26304
26305
26336
26340
26352
26377
26383
26386
26395
26401
26409
26414
26419
26433
26434
26435
26442
26444
26448
26456
26458
26459
26469
26473
26475
26486
26491
26498
26502
26506
26509
26511
26522
26537
26544
26546
26565
26575
26576
26582
26593
26602
26603
26613
26618
26628
26636
26641
26656
26660
26681
26704
26712
26715
26723
26731
26760
26768
26787
26794
26797
26798
26805
26817
26843
26846
26861
26862
26866
26868
26881
26885
26886
26891
26896
26899
26905
26908
26910
26914
26933
26935
26940
26952
26971
26986
26997
27000
27011
27026
27027
27031
27034
27038
27039
27044
27046
27057
27058
27061
27062
27063
27066
27077
27081
27082
27090
27093
27094
27098
27104
27108
27118
27131
27153
27158
27163
27169
27177
27185
27192
27210
27213
27220
27225
27231
27236
27242
27249
27253
27259
27281
27296
27300
27304
27305
27315
27327
27339
27344
27349
27353
27354
27355
27358
27361
27378
27379
27397
27398
27407
27408
27417
27424
27426
27427
27431
27444
27471
27473
27480
27481
27495
27505
27506
27525
27530
27532
27545
27554
27585
27588
27590
27609
27617
27620
27624
27629
27632
27647
27650
27655
27655
27661
27674
27677
27685
27689
27700
27705
27718
27722
27727
27732
27735
27736
27742
27750
27751
27764
27772
27791
27817
27825
27832
27836
27855
27871
27874
27886
27911
27918
27925
27948
27951
27953
27956
27957
27978
27983
27984
27992
27993
27994
27996
28003
28009
28012
28019
28025
28040
28042
28050
28056
28058
28066
28068
28071
28076
28079
28084
28086
28091
28099
28101
28104
28108
28130
28136
28139
28140
28142
28150
28151
28157
28160
28168
28169
28177
28179
28188
28193
28195
28212
28213
28223
28226
28228
28239
28244
28247
28248
28249
28261
28264
28279
28280
28289
28292
28300
28306
28307
28322
28328
28330
28342
28354
28383
28387
28388
28389
28397
28407
28408
28409
28410
28413
28437
28456
28460
28478
28485
28494
28499
28527
28545
28546
28554
28562
28563
28564
28565
28566
28568
28570
28571
28581
28590
28595
28604
28619
28625
28626
28631
28638
28650
28656
28668
28669
28724
28728
28729
28751
28754
28756
28757
28758
28781
28790
28792
28800
28802
28809
28835
28856
28859
28861
28876
28882
28897
28901
28908
28911
28912
28914
28922
28926
28932
28947
28956
28967
28976
28980
28990
28991
28998
29004
29011
29027
29031
29035
29040
29054
29070
29089
29093
29104
29105
29116
29117
29118
29132
29139
29139
29150
29151
29166
29171
29189
29211
29214
29225
29239
29261
29270
29272
29279
29288
29310
29328
29330
29334
29339
29349
29355
29359
29365
29368
29373
29392
29397
29403
29405
29412
29419
29420
29426
29427
29436
29439
29453
29466
29470
29482
29483
29508
29523
29534
29543
29550
29558
29569
29571
29593
29615
29616
29624
29629
29632
29641
29645
29646
29651
29652
29654
29674
29679
29681
29691
29695
29728
29729
29731
29739
29740
29741
29754
29761
29766
29800
29820
29831
29834
29838
29839
29841
29858
29862
29863
29868
29874
29889
29901
29904
29929
29952
29960
29972
29988
29993
29993
30000
30002
30009
30017
30054
30058
30060
30061
30063
30066
30068
30070
30080
30085
30086
30094
30096
30097
30109
30116
30117
30121
30126
30136
30141
30146
30149
30151
30164
30174
30186
30205
30211
30212
30217
30228
30234
30239
30243
30247
30254
30263
30276
30278
30286
30295
30305
30335
30342
30344
30351
30388
30400
30401
30402
30416
30424
30427
30442
30461
30463
30484
30490
30499
30506
30508
30511
30515
30520
30522
30526
30529
30532
30551
30555
30558
30559
30563
30581
30609
30616
30631
30647
30663
30679
30682
30686
30693
30713
30721
30725
30728
30737
30739
30745
30774
30776
30780
30799
30812
30825
30831
30893
30897
30908
30921
30923
30943
30963
30974
30975
30979
30980
30986
30995
31012
31013
31038
31038
31071
31098
31105
31135
31139
31143
31144
31145
31147
31150
31167
31169
31179
31180
31196
31205
31208
31212
31216
31218
31227
31240
31271
31289
31299
31304
31307
31321
31330
31338
31342
31351
31369
31373
31376
31386
31399
31405
31406
31407
31414
31422
31427
31430
31431
31438
31446
31460
31463
31478
31484
31486
31494
31496
31500
31506
31523
31529
31531
31533
31541
31545
31562
31563
31567
31569
31582
31588
31595
31641
31658
31659
31664
31666
31693
31693
31693
31699
31704
31714
31719
31721
31734
31742
31743
31744
31749
31759
31768
31769
31775
31784
31787
31802
31803
31808
31812
31813
31815
31818
31827
31835
31838
31845
31857
31858
31880
31909
31913
31919
31928
31943
31949
31957
31973
31994
31998
32000
32001
32003
32011
32012
32014
32020
32025
32041
32048
32085
32087
32088
32095
32104
32107
32108
32113
32134
32144
32183
32188
32195
32196
32201
32213
32235
32252
32253
32257
32272
32287
32294
32301
32302
32309
32311
32328
32329
32335
32343
32344
32346
32350
32351
32353
32359
32368
32378
32387
32390
32403
32405
32410
32414
32422
32435
32441
32444
32446
32454
32467
32473
32486
32487
32491
32498
32512
32528
32530
32539
32544
32548
32562
32563
32569
32573
32577
32578
32584
32593
32599
32602
32607
32618
32625
32631
32635
32636
32648
32650
32660
32663
32697
32700
32703
32705
32710
32712
32726
32742
32751
32757
32758
32759
32760
32800
32830
32839
32841
32853
32868
32877
32910
32915
32942
32946
32949
32949
32956
32959
32968
32975
32986
32991
32999
33004
33027
33029
33033
33034
33046
33053
33059
33062
33067
33071
33077
33087
33095
33097
33098
33108
33143
33150
33156
33162
33164
33169
33177
33178
33188
33190
33211
33212
33219
33231
33240
33244
33267
33278
33288
33296
33301
33304
33309
33314
33323
33324
33328
33331
33332
33337
33355
33372
33383
33385
33387
33395
33414
33418
33425
33431
33447
33465
33490
33518
33518
33536
33543
33570
33572
33575
33588
33590
33591
33593
33597
33600
33606
33611
33615
33625
33656
33658
33658
33665
33690
33697
33698
33713
33714
33715
33716
33717
33761
33764
33783
33793
33797
33798
33810
33829
33833
33834
33839
33842
33846
33857
33859
33897
33901
33904
33907
33915
33921
33923
33924
33933
33941
33956
33971
33979
33991
33992
34009
34026
34041
34042
34054
34055
34056
34067
34073
34080
34093
34104
34110
34116
34121
34122
34131
34136
34155
34157
34159
34168
34169
34186
34196
34211
34212
34217
34219
34222
34232
34235
34251
34255
34263
34265
34268
34276
34277
34281
34288
34289
34290
34292
34294
34328
34333
34341
34351
34354
34364
34397
34400
34401
34405
34430
34458
34463
34465
34481
34482
34497
34515
34516
34534
34539
34544
34548
34551
34561
34565
34566
34586
34601
34613
34629
34630
34631
34644
34654
34670
34671
34708
34713
34714
34716
34724
34726
34742
34750
34763
34767
34769
34783
34784
34787
34796
34802
34808
34819
34820
34843
34846
34848
34855
34861
34862
34871
34877
34887
34890
34896
34904
34914
34926
34928
34935
34938
34942
34944
34951
34953
34960
34962
34980
34991
34997
35003
35021
35022
35043
35046
35047
35048
35078
35083
35091
35101
35108
35109
35128
35133
35140
35144
35154
35179
35191
35192
35204
35205
35216
35226
35232
35233
35237
35248
35254
35271
35275
35292
35299
35310
35317
35326
35337
35338
35351
35352
35377
35380
35392
35407
35408
35415
35421
35426
35441
35478
35489
35493
35498
35543
35545
35555
35561
35563
35579
35585
35594
35600
35604
35623
35653
35670
35717
35719
35720
35731
35749
35762
35792
35807
35810
35846
35861
35866
35889
35901
35903
35923
35926
35928
35930
35931
35932
35940
35947
35956
35960
35968
35969
35971
35975
35976
35977
35981
35982
35989
35999
36004
36016
36026
36036
36044
36049
36054
36056
36076
36078
36079
36080
36081
36101
36109
36111
36128
36134
36149
36190
36194
36205
36208
36217
36221
36224
36230
36240
36244
36253
36284
36285
36288
36291
36299
36303
36330
36335
36357
36379
36392
36396
36408
36418
36419
36423
36425
36440
36443
36446
36450
36456
36484
36488
36495
36498
36500
36511
36515
36530
36542
36544
36551
36572
36576
36582
36589
36592
36603
36606
36610
36626
36630
36633
36635
36654
36657
36659
36661
36663
36672
36679
36683
36692
36708
36712
36720
36723
36728
36767
36770
36776
36781
36784
36792
36808
36827
36835
36850
36879
36889
36899
36901
36902
36905
36943
36944
36946
36960
36961
36965
36968
36974
36975
36989
36996
36997
36998
37008
37012
37019
37027
37067
37072
37079
37084
37085
37086
37089
37096
37105
37110
37111
37129
37167
37168
37169
37175
37186
37187
37195
37199
37206
37223
37231
37233
37246
37253
37262
37265
37266
37269
37274
37277
37283
37289
37290
37298
37311
37315
37324
37338
37353
37356
37364
37379
37396
37401
37402
37419
37425
37427
37444
37449
37452
37453
37457
37461
37469
37478
37485
37496
37524
37536
37538
37544
37552
37562
37575
37579
37584
37595
37600
37610
37615
37618
37627
37631
37632
37636
37650
37651
37662
37689
37691
37694
37699
37704
37706
37708
37714
37727
37731
37762
37763
37768
37773
37783
37787
37810
37822
37831
37834
37851
37852
37872
37875
37876
37889
37893
37895
37908
37917
37926
37934
37941
37944
37949
37963
37968
37971
37973
37974
37976
37980
37982
37990
38000
38022
38023
38031
38034
38040
38055
38058
38068
38083
38087
38089
38090
38092
38106
38107
38118
38125
38127
38128
38142
38143
38153
38154
38167
38184
38186
38191
38192
38197
38212
38228
38240
38247
38252
38263
38264
38267
38268
38271
38276
38305
38307
38312
38315
38323
38328
38330
38357
38367
38374
38399
38405
38406
38412
38450
38453
38467
38470
38478
38484
38489
38497
38498
38501
38518
38529
38553
38561
38580
38590
38613
38642
38649
38650
38667
38669
38683
38686
38700
38702
38706
38707
38719
38735
38745
38747
38768
38776
38800
38803
38817
38820
38836
38839
38845
38868
38878
38881
38891
38893
38895
38900
38905
38909
38912
38919
38920
38934
38943
38961
38966
38985
38994
39005
39010
39036
39042
39043
39044
39049
39055
39065
39077
39082
39116
39117
39123
39130
39139
39144
39145
39146
39148
39149
39162
39163
39166
39191
39195
39197
39203
39224
39228
39230
39251
39256
39263
39270
39279
39285
39291
39296
39299
39300
39304
39311
39314
39326
39327
39333
39344
39370
39372
39383
39388
39401
39420
39423
39424
39427
39429
39439
39443
39462
39471
39472
39484
39509
39532
39533
39542
39544
39551
39562
39568
39572
39583
39584
39594
39627
39642
39643
39648
39650
39660
39665
39669
39686
39695
39711
39718
39724
39731
39740
39741
39754
39759
39761
39773
39779
39780
39789
39807
39810
39811
39813
39842
39843
39874
39875
39879
39887
39891
39908
39916
39921
39959
39960
39964
39986
40001
40003
40009
40011
40018
40025
40026
40033
40034
40059
40067
40082
40087
40089
40093
40096
40099
40122
40132
40137
40161
40177
40199
40206
40207
40209
40210
40226
40235
40238
40247
40252
40253
40254
40260
40262
40270
40275
40281
40303
40305
40312
40315
40325
40335
40365
40374
40383
40387
40388
40402
40409
40410
40416
40433
40438
40468
40470
40475
40479
40485
40507
40512
40521
40538
40571
40594
40612
40615
40636
40642
40649
40655
40662
40663
40668
40678
40687
40694
40702
40703
40705
40711
40721
40737
40741
40743
40754
40756
40772
40777
40789
40792
40818
40819
40822
40833
40834
40837
40838
40850
40875
40878
40888
40911
40912
40929
40938
40939
40946
40954
40960
40965
40967
40973
40994
40995
40997
41002
41015
41028
41031
41055
41063
41068
41069
41072
41094
41098
41100
41104
41114
41115
41120
41122
41125
41130
41139
41153
41171
41181
41194
41199
41200
41215
41223
41224
41228
41234
41240
41253
41259
41262
41264
41265
41267
41297
41301
41304
41305
41309
41312
41317
41324
41333
41337
41338
41341
41342
41354
41397
41399
41410
41413
41424
41425
41430
41434
41456
41459
41472
41475
41486
41488
41489
41513
41514
41519
41523
41534
41541
41569
41571
41572
41574
41589
41602
41610
41613
41615
41619
41627
41630
41635
41646
41663
41690
41691
41696
41707
41717
41718
41720
41721
41749
41750
41760
41765
41770
41771
41776
41780
41794
41796
41815
41823
41826
41829
41835
41838
41844
41849
41850
41864
41865
41866
41870
41875
41878
41886
41893
41904
41914
41931
41933
41934
41948
41949
41956
41960
41966
41974
41977
41992
42007
42009
42025
42032
42033
42049
42059
42061
42070
42077
42110
42131
42138
42143
42185
42194
42260
42268
42272
42290
42294
42310
42314
42323
42331
42332
42340
42346
42347
42348
42351
42393
42397
42403
42407
42412
42425
42427
42428
42429
42430
42432
42471
42473
42479
42487
42491
42493
42500
42505
42515
42520
42529
42537
42539
42548
42557
42559
42564
42569
42579
42584
42587
42588
42590
42617
42625
42633
42637
42644
42646
42674
42676
42678
42680
42690
42710
42720
42726
42738
42752
42754
42758
42767
42768
42789
42797
42818
42823
42825
42826
42844
42845
42856
42870
42871
42890
42894
42900
42920
42922
42925
42933
42953
42965
42976
42996
42999
43007
43023
43038
43042
43050
43051
43052
43054
43062
43064
43068
43070
43091
43093
43094
43111
43117
43120
43132
43156
43159
43162
43177
43183
43189
43203
43205
43209
43216
43222
43224
43225
43231
43252
43280
43282
43290
43299
43300
43315
43322
43323
43332
43335
43342
43348
43354
43357
43367
43375
43384
43414
43430
43448
43451
43456
43472
43481
43486
43487
43489
43490
43494
43503
43507
43517
43519
43529
43549
43550
43564
43579
43587
43607
43611
43612
43614
43619
43621
43622
43629
43630
43631
43645
43649
43661
43663
43682
43691
43700
43707
43718
43723
43729
43739
43758
43774
43790
43795
43796
43799
43800
43816
43829
43838
43845
43866
43868
43880
43881
43892
43906
43918
43928
43947
43949
43983
43990
44011
44012
44016
44022
44024
44033
44045
44048
44063
44070
44072
44076
44077
44085
44091
44101
44112
44113
44116
44121
44126
44133
44136
44138
44151
44180
44190
44197
44201
44207
44213
44215
44216
44223
44235
44240
44250
44256
44269
44279
44282
44296
44306
44308
44309
44313
44351
44352
44355
44356
44361
44377
44400
44411
44424
44429
44430
44434
44435
44448
44461
44475
44492
44497
44499
44509
44511
44519
44525
44526
44529
44530
44538
44545
44546
44557
44564
44586
44597
44604
44612
44624
44629
44633
44634
44640
44647
44669
44678
44682
44718
44730
44731
44739
44740
44761
44764
44792
44793
44824
44831
44838
44865
44873
44883
44888
44894
44895
44906
44911
44912
44914
44915
44919
44922
44933
44937
44941
44960
44964
44970
44971
44981
44982
44983
45002
45007
45010
45022
45023
45024
45026
45033
45043
45070
45072
45078
45079
45080
45109
45113
45125
45127
45132
45142
45147
45150
45156
45166
45168
45184
45187
45188
45190
45191
45193
45221
45225
45227
45234
45250
45258
45259
45260
45266
45276
45292
45303
45310
45313
45315
45320
45321
45322
45326
45332
45347
45354
45358
45369
45393
45394
45405
45407
45410
45432
45439
45440
45442
45446
45456
45458
45463
45464
45467
45469
45473
45476
45491
45493
45495
45496
45497
45500
45510
45516
45523
45532
45540
45541
45542
45559
45564
45588
45605
45610
45615
45624
45644
45646
45654
45670
45673
45675
45676
45683
45693
45699
45719
45725
45738
45750
45754
45755
45770
45771
45773
45785
45787
45795
45801
45812
45815
45825
45833
45848
45854
45860
45869
45871
45877
45879
45894
45917
45941
45953
45971
45980
45983
45985
45993
46021
46032
46038
46043
46047
46052
46056
46066
46068
46070
46083
46089
46095
46100
46113
46120
46129
46133
46137
46164
46167
46175
46184
46198
46199
46200
46203
46209
46227
46246
46262
46263
46273
46275
46281
46284
46312
46324
46326
46346
46351
46358
46360
46376
46378
46400
46401
46406
46411
46418
46424
46430
46435
46437
46438
46445
46451
46460
46471
46494
46496
46498
46506
46511
46513
46526
46540
46563
46570
46576
46578
46597
46616
46623
46625
46630
46655
46659
46664
46679
46689
46696
46702
46715
46719
46720
46736
46738
46742
46747
46759
46764
46778
46786
46793
46794
46800
46804
46808
46818
46840
46844
46845
46855
46857
46865
46874
46876
46878
46884
46897
46901
46903
46907
46911
46916
46925
46930
46935
46944
46958
46965
46970
46972
46974
46981
46995
47008
47009
47017
47025
47034
47042
47046
47050
47053
47057
47060
47062
47063
47064
47065
47087
47090
47096
47097
47106
47116
47132
47134
47171
47175
47178
47182
47191
47193
47194
47196
47199
47203
47204
47217
47220
47228
47240
47249
47255
47262
47268
47277
47282
47294
47301
47305
47323
47325
47332
47363
47370
47399
47403
47405
47416
47427
47435
47444
47461
47462
47464
47471
47474
47493
47495
47519
47520
47522
47565
47567
47568
47585
47595
47597
47608
47643
47651
47657
47659
47661
47666
47670
47680
47681
47688
47710
47723
47729
47735
47739
47755
47756
47759
47765
47767
47773
47775
47792
47804
47808
47817
47828
47833
47837
47838
47862
47864
47868
47873
47881
47887
47889
47898
47907
47913
47914
47915
47925
47929
47931
47939
47940
47941
47942
47959
47971
47972
47973
47983
47989
47997
48014
48030
48038
48077
48079
48088
48092
48108
48127
48129
48149
48160
48160
48167
48181
48200
48201
48209
48218
48224
48230
48254
48277
48279
48295
48304
48337
48340
48341
48347
48360
48364
48369
48377
48378
48400
48406
48417
48418
48462
48466
48478
48484
48487
48494
48498
48503
48515
48517
48531
48538
48545
48557
48565
48566
48573
48574
48588
48593
48607
48630
48631
48632
48636
48638
48655
48677
48696
48703
48722
48732
48733
48734
48738
48744
48745
48751
48760
48769
48772
48778
48781
48785
48812
48820
48823
48828
48833
48871
48872
48874
48886
48889
48890
48893
48922
48923
48925
48932
48934
48946
48957
48959
48970
48974
48976
48988
48989
48992
49000
49015
49022
49024
49027
49032
49034
49039
49045
49053
49069
49075
49084
49090
49094
49108
49114
49137
49144
49164
49189
49191
49195
49209
49229
49232
49236
49239
49247
49254
49261
49270
49281
49286
49288
49294
49297
49299
49310
49317
49319
49323
49324
49325
49332
49334
49348
49349
49352
49354
49355
49368
49371
49387
49412
49417
49418
49437
49455
49488
49496
49503
49507
49531
49535
49539
49543
49548
49553
49568
49571
49583
49584
49589
49606
49610
49617
49619
49620
49621
49630
49633
49670
49675
49681
49686
49689
49690
49698
49702
49712
49720
49722
49733
49747
49753
49756
49758
49760
49776
49779
49831
49832
49840
49842
49869
49873
49879
49907
49908
49924
49932
49939
49943
49946
49966
49974
49978
49984
49986
50013
50018
50022
50030
50037
50044
50055
50056
50059
50086
50089
50095
50104
50108
50112
50124
50128
50142
50148
50149
50153
50158
50167
50174
50183
50185
50196
50208
50212
50214
50217
50218
50247
50253
50259
50267
50286
50296
50299
50303
50309
50318
50320
50329
50343
50360
50376
50380
50394
50398
50408
50413
50418
50427
50435
50437
50443
50457
50461
50474
50493
50503
50510
50526
50527
50529
50530
50533
50534
50541
50556
50592
50598
50600
50601
50612
50620
50634
50645
50674
50678
50680
50690
50697
50729
50732
50734
50754
50763
50764
50777
50782
50796
50800
50812
50824
50834
50842
50853
50870
50882
50888
50918
50929
50933
50941
50952
50959
50974
50976
50993
50996
51020
51023
51025
51042
51053
51054
51060
51075
51081
51082
51106
51117
51131
51133
51139
51141
51145
51149
51159
51183
51187
51196
51199
51204
51224
51233
51239
51249
51262
51269
51271
51278
51282
51292
51308
51317
51319
51352
51356
51369
51373
51381
51384
51391
51403
51407
51426
51429
51441
51443
51456
51458
51474
51486
51488
51502
51503
51508
51510
51517
51519
51526
51542
51546
51553
51560
51578
51587
51601
51606
51615
51620
51622
51628
51649
51660
51681
51682
51689
51694
51707
51723
51724
51742
51749
51753
51772
51786
51804
51819
51819
51825
51828
51841
51852
51869
51871
51878
51886
51890
51896
51911
51916
51918
51927
51930
51936
51950
51953
51960
51979
51992
51999
52001
52005
52007
52014
52015
52022
52025
52044
52046
52049
52054
52065
52083
52104
52106
52117
52121
52126
52140
52143
52157
52161
52170
52173
52178
52180
52181
52189
52198
52224
52237
52253
52268
52269
52273
52281
52309
52312
52329
52344
52345
52346
52349
52352
52355
52363
52365
52366
52371
52389
52390
52402
52405
52410
52414
52437
52445
52450
52462
52463
52471
52477
52478
52479
52500
52506
52510
52536
52545
52556
52561
52567
52584
52590
52591
52596
52597
52602
52619
52620
52621
52626
52629
52681
52688
52697
52698
52711
52713
52721
52734
52736
52739
52740
52742
52743
52758
52763
52765
52768
52769
52784
52786
52790
52809
52817
52818
52825
52844
52847
52854
52856
52864
52872
52879
52887
52889
52895
52899
52904
52925
52934
52945
52953
52959
52963
52979
52981
52984
53004
53026
53029
53039
53043
53047
53049
53053
53069
53077
53086
53101
53103
53120
53123
53126
53129
53134
53144
53172
53179
53188
53195
53201
53202
53209
53224
53242
53243
53252
53273
53274
53277
53282
53283
53294
53299
53303
53307
53309
53313
53317
53323
53333
53340
53342
53344
53345
53356
53358
53375
53382
53385
53387
53392
53404
53406
53410
53415
53422
53423
53443
53446
53448
53451
53467
53468
53478
53488
53497
53500
53513
53515
53522
53526
53532
53533
53540
53559
53560
53566
53569
53571
53573
53581
53583
53625
53626
53627
53639
53641
53659
53664
53665
53698
53701
53709
53716
53724
53733
53738
53759
53766
53779
53783
53792
53795
53801
53803
53805
53806
53823
53829
53837
53841
53854
53859
53866
53878
53882
53905
53906
53917
53919
53923
53924
53925
53931
53940
53942
53945
53954
53958
53962
53963
53967
53968
53997
54000
54004
54013
54014
54019
54028
54033
54045
54046
54057
54058
54061
54065
54066
54069
54113
54134
54141
54143
54147
54152
54178
54185
54188
54194
54196
54198
54217
54237
54243
54260
54261
54269
54277
54282
54283
54285
54300
54311
54312
54318
54320
54323
54326
54327
54330
54349
54357
54361
54378
54392
54410
54411
54417
54430
54435
54446
54465
54476
54484
54488
54492
54494
54507
54513
54519
54533
54536
54538
54548
54579
54588
54590
54591
54595
54596
54636
54637
54641
54654
54655
54661
54664
54700
54701
54704
54706
54729
54730
54740
54745
54750
54751
54775
54776
54797
54798
54801
54806
54833
54838
54862
54863
54876
54884
54885
54889
54891
54902
54904
54906
54928
54951
54957
54960
54964
54973
54987
54995
55000
55003
55022
55029
55042
55056
55070
55077
55081
55097
55103
55135
55141
55144
55149
55151
55154
55156
55160
55175
55198
55201
55237
55243
55249
55282
55285
55306
55314
55318
55323
55324
55329
55335
55340
55341
55345
55350
55358
55394
55399
55400
55403
55413
55414
55419
55430
55433
55435
55442
55444
55445
55453
55455
55456
55470
55475
55488
55510
55530
55535
55539
55541
55547
55548
55562
55566
55569
55571
55580
55597
55605
55612
55616
55621
55623
55627
55632
55647
55658
55669
55675
55689
55692
55693
55707
55728
55730
55749
55752
55764
55776
55790
55792
55800
55804
55807
55811
55820
55822
55826
55828
55831
55834
55835
55838
55848
55850
55856
55858
55872
55883
55897
55911
55913
55917
55932
55933
55938
55941
55943
55949
55952
55975
55978
55998
56008
56018
56072
56073
56078
56081
56085
56086
56099
56102
56104
56109
56113
56122
56133
56141
56145
56145
56148
56149
56162
56181
56182
56190
56192
56193
56205
56207
56217
56224
56230
56232
56236
56240
56242
56250
56260
56283
56284
56292
56296
56300
56317
56338
56341
56345
56352
56355
56377
56391
56394
56398
56410
56429
56437
56444
56445
56453
56473
56475
56482
56485
56486
56495
56505
56512
56513
56522
56525
56536
56544
56545
56550
56554
56559
56560
56577
56580
56581
56582
56627
56630
56632
56638
56642
56644
56659
56660
56677
56680
56682
56712
56719
56721
56733
56739
56742
56742
56759
56774
56777
56786
56787
56796
56801
56803
56821
56835
56845
56847
56849
56859
56879
56893
56903
56909
56919
56925
56931
56940
56950
56957
56974
56976
56981
56983
56998
57007
57010
57015
57025
57052
57064
57078
57093
57094
57098
57107
57114
57117
57126
57146
57161
57163
57174
57176
57185
57197
57212
57214
57226
57230
57235
57240
57250
57253
57265
57283
57286
57342
57343
57346
57350
57357
57367
57373
57374
57385
57389
57392
57394
57409
57415
57445
57470
57470
57485
57510
57516
57536
57542
57544
57549
57550
57552
57554
57556
57565
57569
57571
57581
57588
57592
57598
57599
57599
57600
57600
57606
57634
57638
57640
57642
57643
57644
57651
57654
57655
57656
57667
57677
57677
57682
57689
57701
57701
57709
57720
57727
57752
57757
57774
57800
57804
57823
57828
57829
57835
57838
57841
57871
57887
57905
57906
57912
57914
57916
57933
57934
57946
57950
57960
57963
57969
57976
57976
57981
57993
58009
58016
58019
58029
58034
58039
58041
58050
58055
58064
58075
58076
58081
58102
58103
58104
58105
58134
58134
58137
58160
58165
58165
58171
58172
58172
58179
58189
58195
58195
58198
58199
58209
58216
58243
58257
58260
58279
58280
58287
58305
58307
58323
58323
58358
58358
58363
58363
58367
58378
58397
58419
58422
58423
58448
58468
58478
58492
58492
58498
58507
58511
58520
58525
58528
58532
58541
58546
58549
58556
58558
58575
58583
58604
58607
58609
58628
58643
58688
58695
58701
58702
58719
58737
58741
58750
58752
58758
58766
58777
58779
58783
58791
58793
58814
58822
58831
58840
58854
58861
58867
58875
58875
58878
58883
58886
58896
58903
58922
58930
58941
58943
58947
58954
58955
58963
58972
58974
58978
58981
58982
58987
58988
59007
59011
59022
59040
59054
59058
59080
59089
59098
59131
59155
59166
59168
59177
59181
59193
59196
59205
59240
59259
59262
59265
59270
59272
59279
59280
59282
59308
59316
59322
59325
59332
59338
59343
59345
59354
59378
59380
59383
59384
59391
59406
59420
59433
59437
59443
59471
59473
59474
59489
59495
59512
59516
59526
59536
59537
59539
59546
59548
59554
59560
59575
59606
59619
59620
59624
59625
59626
59642
59647
59651
59653
59671
59675
59682
59688
59696
59720
59726
59728
59730
59735
59757
59758
59763
59766
59775
59776
59780
59791
59796
59810
59813
59814
59819
59821
59832
59841
59864
59915
59918
59928
59929
59934
59935
59939
59971
59975
59986
59988
60009
60013
60026
60030
60033
60039
60053
60053
60072
60074
60085
60088
60097
60103
60108
60112
60122
60124
60131
60134
60137
60153
60155
60159
60160
60175
60194
60202
60211
60219
60232
60233
60247
60253
60254
60258
60261
60281
60282
60286
60288
60295
60300
60308
60316
60324
60329
60354
60364
60371
60373
60384
60398
60404
60405
60408
60410
60411
60423
60449
60453
60456
60465
60475
60480
60495
60498
60503
60504
60520
60542
60544
60547
60558
60560
60562
60569
60578
60579
60586
60591
60599
60605
60611
60619
60636
60653
60663
60681
60685
60696
60706
60710
60734
60740
60745
60749
60750
60761
60766
60766
60772
60777
60780
60781
60788
60798
60800
60800
60802
60812
60814
60819
60819
60831
60842
60847
60848
60848
60865
60868
60869
60873
60873
60879
60887
60890
60893
60895
60895
60899
60907
60926
60929
60931
60935
60936
60943
60950
60961
60973
60975
60984
61005
61008
61009
61009
61017
61018
61025
61031
61035
61041
61060
61065
61072
61074
61085
61090
61091
61094
61097
61115
61117
61127
61130
61137
61139
61143
61144
61146
61151
61156
61157
61168
61179
61193
61193
61194
61220
61222
61225
61228
61229
61234
61239
61251
61252
61262
61264
61271
61282
61295
61333
61335
61336
61340
61341
61344
61349
61351
61353
61354
61355
61368
61385
61406
61414
61424
61432
61453
61454
61455
61460
61464
61485
61491
61492
61502
61510
61512
61513
61519
61523
61529
61531
61533
61534
61536
61537
61538
61543
61543
61544
61545
61549
61550
61557
61575
61588
61601
61606
61625
61627
61630
61634
61643
61655
61660
61662
61667
61687
61688
61696
61709
61729
61749
61752
61761
61784
61808
61823
61824
61837
61849
61851
61861
61870
61884
61886
61892
61896
61900
61919
61921
61924
61932
61935
61948
61960
61975
61987
61992
61994
62014
62020
62025
62026
62033
62043
62049
62050
62082
62096
62102
62119
62126
62131
62139
62152
62158
62163
62168
62186
62189
62210
62212
62222
62243
62251
62252
62260
62269
62272
62274
62278
62280
62289
62293
62298
62308
62319
62337
62338
62353
62366
62373
62381
62401
62402
62407
62409
62411
62417
62419
62422
62424
62429
62432
62450
62455
62472
62473
62475
62489
62502
62507
62508
62518
62525
62536
62538
62543
62549
62551
62558
62568
62571
62578
62579
62582
62588
62589
62608
62615
62651
62655
62659
62667
62674
62679
62683
62689
62693
62706
62707
62714
62717
62718
62724
62728
62742
62771
62776
62778
62795
62800
62809
62822
62833
62837
62845
62848
62864
62864
62879
62882
62887
62902
62905
62917
62922
62924
62924
62930
62932
62934
62944
62946
62974
62977
62983
62990
62991
63013
63019
63037
63044
63050
63056
63058
63065
63071
63076
63107
63120
63121
63124
63134
63151
63152
63153
63154
63168
63175
63185
63187
63189
63191
63192
63195
63208
63211
63227
63228
63231
63240
63248
63251
63282
63283
63300
63301
63304
63309
63310
63313
63317
63339
63353
63358
63359
63375
63392
63393
63399
63404
63405
63407
63414
63419
63451
63455
63462
63465
63468
63484
63503
63532
63541
63543
63545
63560
63562
63569
63571
63575
63578
63581
63584
63585
63610
63613
63624
63634
63640
63641
63650
63656
63658
63671
63672
63676
63677
63681
63687
63693
63712
63714
63715
63725
63737
63738
63752
63764
63771
63773
63776
63798
63801
63837
63839
63847
63865
63869
63883
63890
63909
63912
63916
63919
63926
63927
63931
63934
63936
63961
63970
63974
63980
63995
64000
64008
64024
64028
64035
64040
64048
64080
64081
64082
64086
64089
64090
64092
64101
64103
64110
64119
64131
64137
64164
64183
64184
64208
64214
64221
64224
64228
64236
64237
64253
64274
64276
64288
64295
64298
64299
64300
64310
64359
64365
64369
64376
64391
64393
64399
64408
64409
64432
64437
64449
64452
64465
64478
64498
64499
64506
64508
64517
64532
64544
64554
64570
64573
64612
64617
64626
64637
64662
64670
64678
64686
64692
64693
64723
64727
64731
64741
64770
64790
64808
64816
64820
64822
64833
64835
64843
64853
64856
64912
64921
64942
64964
64971
64973
64975
64987
64991
65005
65007
65047
65057
65062
65078
65079
65091
65092
65098
65101
65104
65115
65118
65122
65125
65126
65131
65140
65146
65148
65151
65157
65166
65167
65178
65179
65182
65184
65186
65188
65193
65194
65208
65212
65213
65217
65221
65230
65242
65263
65270
65290
65298
65309
65320
65336
65350
65361
65378
65381
65405
65410
65414
65425
65463
65476
65480
65510
65513
65519
65520
65537
65553
65563
65567
65576
65580
65589
65592
65596
65597
65606
65608
65613
65615
65634
65641
65646
65666
65678
65683
65692
65725
65752
65761
65797
65799
65808
65810
65815
65817
65819
65821
65829
65838
65852
65853
65870
65878
65882
65885
65892
65893
65928
65946
65952
65958
65958
65959
65967
65971
65985
65988
65992
65998
66002
66003
66004
66008
66012
66037
66061
66064
66065
66068
66069
66074
66078
66080
66084
66085
66088
66098
66117
66121
66124
66140
66144
66146
66153
66168
66171
66176
66187
66189
66200
66203
66204
66220
66229
66234
66236
66237
66261
66262
66264
66272
66273
66274
66287
66316
66319
66352
66380
66388
66407
66413
66417
66442
66445
66450
66458
66460
66481
66486
66491
66494
66497
66498
66504
66522
66528
66529
66534
66537
66542
66550
66578
66581
66590
66598
66600
66601
66603
66608
66612
66621
66634
66640
66643
66651
66659
66668
66671
66691
66705
66713
66715
66722
66731
66735
66762
66766
66782
66804
66814
66849
66849
66877
66888
66890
66891
66928
66933
66937
66943
66948
66953
66961
66964
66977
66981
66987
67001
67018
67019
67027
67028
67036
67040
67044
67045
67052
67059
67064
67065
67077
67078
67086
67098
67115
67120
67125
67129
67138
67146
67149
67150
67152
67154
67164
67167
67171
67174
67176
67180
67196
67196
67199
67201
67220
67229
67236
67238
67238
67257
67281
67307
67310
67318
67320
67324
67325
67332
67334
67335
67363
67364
67367
67394
67398
67412
67418
67426
67434
67446
67453
67469
67480
67481
67487
67491
67493
67507
67515
67536
67536
67546
67554
67558
67561
67562
67574
67585
67586
67591
67595
67597
67599
67602
67605
67607
67617
67618
67622
67630
67634
67640
67642
67650
67681
67696
67700
67711
67720
67728
67730
67731
67743
67745
67750
67771
67772
67774
67776
67796
67813
67830
67839
67842
67868
67876
67890
67910
67911
67915
67917
67930
67937
67943
67955
67967
67972
67983
67990
67995
67995
67999
68008
68016
68022
68034
68046
68048
68054
68064
68081
68087
68090
68102
68111
68121
68124
68133
68159
68162
68169
68174
68189
68191
68200
68223
68224
68227
68229
68231
68232
68234
68235
68245
68248
68254
68256
68264
68277
68281
68284
68285
68295
68300
68321
68323
68324
68329
68332
68334
68335
68347
68351
68360
68362
68363
68366
68372
68373
68380
68401
68406
68424
68427
68430
68431
68433
68439
68444
68447
68448
68454
68459
68460
68471
68487
68489
68495
68498
68499
68501
68506
68523
68533
68541
68545
68555
68593
68600
68616
68617
68658
68668
68686
68692
68697
68710
68717
68718
68722
68722
68729
68732
68737
68740
68751
68752
68753
68755
68759
68768
68808
68809
68820
68824
68826
68839
68846
68855
68856
68857
68864
68866
68887
68891
68897
68910
68926
68934
68937
68941
68947
68966
68969
68988
69009
69015
69017
69020
69021
69024
69030
69031
69032
69034
69035
69043
69049
69066
69078
69080
69087
69089
69093
69104
69114
69129
69137
69146
69150
69158
69162
69165
69169
69171
69209
69210
69225
69226
69228
69233
69242
69254
69264
69275
69276
69279
69297
69307
69314
69315
69318
69330
69331
69340
69344
69355
69358
69373
69388
69440
69450
69473
69501
69505
69509
69541
69542
69543
69554
69567
69582
69589
69594
69606
69611
69618
69623
69625
69636
69669
69675
69681
69698
69701
69718
69719
69720
69722
69729
69730
69755
69756
69764
69770
69781
69783
69797
69799
69805
69808
69814
69821
69826
69836
69843
69856
69857
69871
69875
69875
69889
69907
69949
69961
69973
69975
69980
69982
69986
69987
69993
69995
70000
70006
70013
70026
70028
70031
70041
70045
70068
70077
70088
70097
70101
70110
70112
70130
70141
70143
70157
70164
70170
70173
70183
70184
70185
70189
70191
70192
70201
70206
70215
70220
70223
70244
70248
70250
70259
70265
70279
70283
70294
70298
70300
70305
70310
70326
70328
70343
70348
70350
70352
70358
70360
70365
70389
70390
70402
70405
70429
70430
70433
70436
70440
70488
70499
70503
70512
70515
70517
70532
70538
70541
70556
70564
70568
70579
70587
70599
70618
70624
70632
70633
70648
70659
70680
70702
70709
70710
70711
70717
70758
70761
70766
70776
70790
70809
70812
70814
70815
70841
70842
70846
70846
70848
70862
70865
70870
70871
70873
70878
70882
70886
70891
70892
70901
70917
70922
70934
70946
70984
71013
71015
71019
71029
71038
71055
71058
71059
71063
71074
71079
71081
71081
71082
71092
71093
71099
71101
71104
71120
71127
71129
71130
71133
71135
71138
71145
71155
71158
71170
71173
71177
71179
71183
71185
71187
71201
71211
71220
71239
71253
71254
71267
71275
71275
71294
71296
71300
71300
71315
71316
71318
71321
71323
71325
71330
71340
71348
71352
71356
71387
71390
71399
71405
71406
71414
71422
71426
71430
71438
71439
71457
71465
71467
71484
71506
71516
71550
71559
71560
71567
71571
71577
71582
71584
71612
71631
71635
71640
71647
71648
71651
71658
71660
71671
71692
71694
71703
71724
71742
71751
71755
71756
71758
71770
71779
71780
71781
71783
71784
71787
71790
71824
71842
71850
71869
71881
71887
71907
71910
71916
71919
71925
71931
71932
71934
71945
71952
71962
71964
71981
71996
71999
72004
72012
72013
72014
72015
72017
72024
72030
72056
72065
72072
72087
72089
72096
72101
72116
72117
72121
72132
72143
72150
72161
72164
72193
72226
72227
72231
72247
72249
72254
72281
72285
72292
72294
72302
72331
72335
72346
72347
72370
72373
72381
72384
72391
72403
72408
72425
72427
72429
72450
72453
72460
72473
72481
72489
72523
72524
72528
72536
72537
72560
72561
72568
72571
72576
72579
72586
72596
72619
72628
72629
72637
72639
72654
72684
72719
72723
72738
72740
72742
72781
72784
72788
72789
72796
72834
72836
72883
72886
72891
72899
72901
72903
72904
72905
72932
72938
72942
72962
72965
72966
72988
72989
73019
73021
73024
73029
73031
73032
73033
73035
73036
73047
73048
73049
73058
73059
73064
73065
73067
73072
73074
73092
73099
73110
73113
73117
73131
73144
73146
73149
73160
73161
73198
73199
73204
73206
73230
73231
73233
73235
73247
73251
73257
73266
73277
73284
73288
73289
73291
73311
73319
73320
73327
73331
73332
73351
73365
73377
73387
73388
73389
73393
73394
73397
73399
73401
73412
73424
73432
73436
73440
73446
73452
73467
73505
73517
73524
73546
73548
73568
73570
73574
73578
73586
73626
73631
73636
73642
73655
73659
73662
73667
73673
73677
73683
73694
73698
73702
73714
73718
73731
73741
73745
73747
73748
73762
73763
73781
73782
73783
73787
73796
73801
73809
73819
73835
73838
73840
73843
73848
73874
73875
73877
73896
73908
73917
73920
73922
73923
73925
73926
73930
73934
73941
73948
73949
73953
73966
73971
73988
74004
74015
74024
74051
74053
74059
74060
74075
74082
74103
74107
74110
74139
74149
74151
74156
74159
74160
74161
74163
74169
74211
74222
74231
74233
74239
74244
74249
74255
74303
74304
74305
74308
74321
74340
74363
74380
74381
74408
74412
74415
74421
74425
74426
74427
74431
74433
74436
74443
74445
74452
74466
74468
74470
74471
74507
74517
74518
74520
74527
74530
74536
74542
74564
74566
74570
74574
74583
74588
74599
74610
74616
74620
74626
74648
74659
74660
74661
74672
74681
74684
74691
74693
74695
74704
74711
74714
74715
74719
74730
74733
74736
74740
74759
74781
74784
74796
74799
74801
74817
74825
74834
74835
74840
74854
74856
74857
74858
74859
74861
74869
74871
74873
74900
74917
74923
74928
74929
74935
74940
74942
74946
74951
74952
74961
74962
74963
74976
74978
74979
74983
74985
74993
75005
75016
75027
75050
75059
75068
75072
75085
75092
75094
75098
75103
75109
75111
75117
75125
75129
75141
75144
75149
75159
75173
75180
75181
75184
75190
75205
75219
75241
75245
75257
75263
75288
75302
75325
75332
75335
75340
75345
75355
75365
75366
75372
75376
75380
75404
75410
75420
75432
75435
75437
75443
75454
75456
75458
75460
75471
75497
75504
75510
75559
75564
75570
75580
75581
75585
75587
75593
75597
75604
75612
75624
75631
75633
75655
75662
75674
75677
75678
75701
75730
75734
75746
75751
75755
75760
75765
75776
75778
75786
75793
75819
75821
75831
75836
75839
75843
75847
75851
75852
75861
75879
75885
75896
75903
75925
75926
75930
75933
75935
75938
75941
75955
75958
75961
75962
75966
75969
75971
75987
75989
75992
76004
76005
76008
76010
76015
76018
76029
76039
76046
76067
76069
76076
76080
76081
76082
76097
76104
76110
76112
76116
76134
76152
76153
76156
76165
76167
76175
76183
76192
76200
76206
76208
76218
76220
76226
76242
76254
76256
76263
76266
76273
76278
76289
76295
76307
76326
76328
76331
76337
76368
76372
76379
76387
76393
76397
76422
76423
76427
76428
76437
76444
76456
76471
76478
76479
76482
76486
76524
76525
76535
76540
76549
76557
76559
76568
76573
76578
76590
76591
76594
76595
76598
76608
76619
76634
76638
76644
76651
76659
76691
76699
76701
76711
76714
76732
76737
76742
76744
76751
76768
76769
76779
76785
76788
76803
76823
76831
76839
76843
76852
76862
76866
76869
76887
76913
76928
76953
76958
76967
76969
76975
76978
76992
76998
76999
77021
77027
77054
77060
77065
77067
77071
77080
77091
77093
77096
77108
77112
77113
77118
77126
77127
77129
77142
77159
77163
77164
77168
77171
77173
77179
77183
77189
77204
77207
77211
77236
77245
77249
77260
77269
77288
77297
77299
77308
77320
77321
77322
77343
77345
77349
77359
77361
77385
77388
77395
77412
77415
77421
77424
77426
77439
77440
77441
77450
77455
77459
77462
77472
77487
77489
77493
77499
77503
77511
77514
77538
77539
77551
77553
77565
77569
77572
77573
77578
77587
77594
77601
77608
77609
77610
77611
77614
77615
77617
77621
77622
77627
77636
77644
77688
77690
77696
77713
77715
77724
77730
77737
77741
77752
77818
77821
77822
77840
77845
77856
77868
77873
77875
77876
77881
77885
77897
77906
77907
77915
77922
77940
77941
77948
77954
77978
77980
77984
77989
77993
78003
78007
78019
78021
78040
78044
78062
78067
78071
78075
78086
78087
78090
78096
78101
78108
78109
78113
78117
78128
78133
78146
78174
78183
78192
78202
78205
78206
78226
78241
78259
78260
78270
78285
78298
78307
78309
78342
78348
78368
78369
78374
78375
78385
78394
78401
78424
78434
78447
78452
78459
78461
78482
78494
78499
78505
78509
78511
78517
78521
78534
78537
78542
78544
78555
78556
78558
78560
78572
78573
78574
78591
78598
78609
78621
78622
78631
78633
78635
78639
78643
78655
78664
78666
78671
78673
78696
78702
78705
78709
78710
78712
78725
78735
78740
78744
78748
78757
78763
78777
78780
78796
78797
78815
78817
78827
78833
78845
78851
78859
78867
78875
78879
78892
78904
78906
78907
78909
78922
78936
78938
78942
78947
78950
78952
78955
78961
78973
78978
78984
79043
79060
79069
79073
79076
79088
79106
79109
79125
79127
79194
79205
79217
79222
79230
79252
79259
79294
79300
79308
79325
79326
79329
79339
79356
79365
79367
79379
79381
79384
79385
79393
79399
79399
79404
79413
79419
79425
79434
79447
79450
79463
79466
79468
79478
79487
79488
79489
79515
79526
79529
79533
79535
79541
79542
79548
79549
79568
79576
79585
79586
79598
79599
79603
79608
79626
79637
79639
79643
79644
79649
79652
79673
79676
79677
79689
79698
79706
79713
79723
79736
79746
79747
79754
79756
79770
79772
79778
79780
79782
79788
79790
79799
79803
79805
79821
79824
79841
79854
79860
79863
79866
79870
79877
79892
79897
79900
79905
79917
79923
79925
79929
79933
79934
79941
79953
79980
79982
79986
79994
80000
80006
80024
80025
80044
80082
80091
80097
80109
80112
80113
80127
80134
80136
80155
80167
80168
80178
80181
80186
80188
80190
80208
80210
80213
80220
80235
80243
80244
80262
80266
80272
80282
80298
80328
80334
80341
80342
80382
80407
80409
80417
80422
80425
80439
80440
80444
80447
80454
80466
80482
80485
80492
80507
80512
80525
80526
80541
80560
80576
80581
80582
80603
80617
80619
80623
80624
80645
80654
80670
80674
80679
80687
80691
80709
80721
80725
80739
80740
80808
80812
80829
80836
80845
80850
80865
80866
80870
80876
80881
80884
80891
80896
80920
80921
80924
80939
80941
80962
80985
81006
81019
81037
81042
81046
81065
81070
81078
81079
81090
81097
81109
81112
81130
81133
81135
81153
81160
81171
81180
81207
81212
81215
81241
81250
81257
81274
81283
81294
81306
81323
81326
81351
81358
81359
81365
81375
81376
81377
81386
81407
81409
81425
81429
81430
81437
81438
81441
81444
81453
81458
81459
81470
81480
81493
81505
81514
81543
81546
81549
81562
81565
81567
81575
81595
81605
81612
81640
81643
81648
81654
81684
81693
81696
81707
81708
81714
81715
81718
81719
81723
81748
81750
81751
81764
81765
81792
81793
81797
81805
81814
81821
81838
81850
81852
81860
81873
81874
81877
81881
81887
81935
81936
81947
81969
81980
81984
81987
81988
81991
81995
82009
82016
82018
82036
82051
82055
82058
82062
82069
82074
82083
82087
82099
82108
82114
82133
82165
82172
82188
82192
82200
82210
82211
82219
82231
82233
82234
82248
82255
82263
82273
82274
82278
82280
82281
82293
82298
82316
82341
82357
82365
82366
82371
82380
82382
82384
82387
82393
82402
82407
82422
82429
82436
82443
82446
82451
82452
82457
82459
82464
82477
82488
82502
82508
82516
82520
82524
82526
82527
82535
82538
82546
82566
82569
82575
82590
82593
82603
82606
82611
82615
82619
82623
82626
82627
82629
82641
82653
82656
82666
82668
82682
82705
82707
82712
82724
82731
82735
82768
82777
82821
82826
82875
82876
82889
82898
82910
82912
82922
82960
82970
82979
82989
82996
83010
83019
83021
83033
83044
83047
83064
83066
83076
83081
83088
83101
83102
83114
83120
83125
83126
83131
83148
83159
83170
83171
83175
83191
83210
83212
83246
83258
83260
83268
83269
83278
83279
83280
83286
83287
83291
83302
83312
83326
83327
83329
83330
83336
83337
83349
83369
83385
83427
83431
83441
83444
83455
83456
83460
83465
83469
83474
83476
83477
83503
83505
83519
83521
83532
83541
83553
83557
83563
83564
83577
83625
83626
83651
83656
83657
83662
83666
83677
83678
83680
83694
83700
83713
83734
83741
83743
83750
83753
83754
83757
83762
83766
83771
83773
83776
83777
83784
83807
83812
83836
83849
83858
83867
83870
83876
83879
83894
83913
83915
83919
83928
83952
83972
83973
83981
83983
83991
83997
84009
84017
84028
84029
84060
84064
84089
84116
84121
84123
84126
84148
84159
84166
84170
84189
84202
84216
84218
84220
84222
84232
84245
84246
84249
84251
84253
84289
84313
84316
84323
84332
84338
84339
84346
84354
84368
84369
84374
84379
84380
84387
84399
84400
84417
84431
84456
84458
84469
84486
84498
84502
84503
84506
84509
84510
84511
84517
84530
84545
84549
84562
84586
84588
84590
84606
84611
84642
84662
84675
84676
84679
84696
84698
84700
84724
84726
84729
84730
84732
84744
84747
84752
84758
84766
84767
84770
84772
84779
84780
84791
84804
84810
84814
84829
84833
84836
84840
84841
84843
84844
84845
84846
84850
84859
84864
84878
84881
84885
84886
84897
84900
84902
84903
84907
84913
84952
84954
84988
85002
85007
85008
85015
85034
85038
85043
85048
85049
85061
85065
85067
85094
85095
85115
85137
85151
85169
85170
85182
85192
85199
85200
85209
85210
85210
85214
85217
85224
85239
85244
85249
85253
85272
85286
85293
85305
85310
85315
85316
85321
85324
85331
85336
85337
85344
85352
85352
85382
85391
85393
85396
85398
85416
85418
85421
85424
85428
85435
85445
85447
85464
85467
85469
85473
85478
85496
85505
85513
85517
85531
85532
85536
85542
85546
85567
85568
85579
85582
85608
85625
85639
85640
85641
85644
85655
85657
85675
85683
85684
85698
85711
85719
85725
85733
85755
85765
85777
85781
85797
85808
85811
85814
85816
85846
85851
85863
85883
85884
85885
85904
85905
85925
85947
85951
85966
85979
85995
86001
86007
86010
86018
86024
86039
86040
86051
86059
86065
86079
86090
86110
86112
86119
86163
86165
86185
86186
86187
86190
86198
86200
86202
86203
86212
86215
86224
86225
86227
86231
86235
86255
86268
86277
86287
86312
86314
86320
86321
86334
86335
86337
86338
86342
86353
86360
86383
86388
86391
86398
86403
86413
86418
86428
86436
86483
86488
86510
86518
86519
86522
86525
86527
86538
86546
86556
86556
86564
86565
86566
86570
86579
86591
86593
86608
86613
86638
86651
86653
86666
86667
86672
86673
86692
86697
86702
86717
86720
86725
86729
86734
86741
86778
86782
86790
86812
86819
86822
86832
86846
86848
86857
86864
86870
86888
86893
86901
86906
86912
86914
86917
86918
86921
86934
86937
86944
86944
86946
86950
86960
86977
86981
86992
87017
87030
87045
87059
87061
87071
87075
87097
87100
87104
87121
87127
87173
87180
87187
87188
87202
87203
87204
87207
87213
87214
87229
87236
87243
87250
87262
87268
87273
87282
87289
87295
87310
87317
87328
87337
87350
87371
87396
87418
87423
87437
87445
87461
87465
87469
87475
87476
87481
87482
87488
87493
87499
87501
87503
87515
87516
87518
87539
87556
87581
87590
87592
87598
87599
87604
87608
87610
87617
87618
87627
87629
87641
87642
87643
87647
87650
87667
87667
87675
87679
87680
87682
87683
87691
87698
87708
87743
87750
87751
87756
87761
87776
87788
87798
87802
87803
87804
87817
87822
87837
87842
87846
87847
87875
87889
87905
87909
87912
87924
87931
87936
87951
87954
87979
87983
87990
88002
88010
88011
88015
88021
88036
88038
88045
88075
88076
88098
88105
88107
88117
88120
88128
88129
88139
88140
88156
88158
88177
88186
88188
88189
88194
88214
88220
88222
88230
88233
88235
88240
88241
88250
88259
88263
88269
88282
88300
88305
88315
88316
88323
88329
88331
88333
88336
88340
88350
88354
88377
88387
88408
88415
88416
88421
88440
88441
88445
88464
88485
88486
88506
88508
88509
88511
88512
88526
88533
88534
88535
88537
88550
88553
88555
88594
88596
88601
88604
88605
88608
88610
88616
88621
88640
88647
88660
88691
88696
88701
88704
88718
88728
88731
88744
88745
88747
88750
88751
88758
88772
88773
88780
88783
88796
88797
88798
88800
88807
88857
88873
88880
88883
88907
88911
88912
88916
88923
88930
88934
88937
88938
88939
88942
88954
88961
88984
88987
88992
88995
89008
89009
89018
89030
89032
89052
89054
89061
89064
89075
89078
89088
89091
89104
89106
89131
89139
89144
89156
89158
89165
89166
89174
89175
89178
89180
89182
89185
89189
89194
89196
89209
89226
89231
89241
89242
89246
89247
89256
89266
89268
89278
89285
89293
89296
89307
89320
89324
89329
89333
89362
89363
89372
89419
89442
89445
89461
89478
89484
89490
89491
89503
89504
89510
89511
89515
89529
89536
89538
89542
89551
89556
89558
89569
89583
89586
89599
89606
89610
89616
89618
89624
89627
89628
89634
89638
89640
89643
89644
89655
89661
89662
89681
89684
89690
89702
89716
89723
89726
89732
89742
89743
89763
89773
89786
89811
89829
89834
89836
89837
89845
89848
89853
89855
89876
89884
89888
89892
89897
89901
89912
89925
89927
89932
89936
89938
89940
89945
89957
89960
89987
90005
90016
90035
90048
90056
90057
90064
90075
90087
90097
90101
90106
90108
90131
90139
90148
90150
90151
90152
90153
90164
90193
90218
90223
90237
90242
90250
90263
90269
90270
90272
90275
90276
90278
90322
90325
90328
90334
90337
90349
90350
90353
90354
90356
90361
90363
90373
90375
90379
90380
90391
90402
90427
90428
90430
90432
90434
90451
90453
90462
90472
90477
90481
90493
90498
90505
90506
90525
90543
90550
90562
90571
90575
90582
90591
90592
90593
90596
90599
90607
90608
90611
90612
90616
90636
90642
90644
90649
90654
90657
90667
90679
90681
90683
90685
90688
90694
90700
90701
90704
90714
90718
90728
90729
90735
90747
90750
90751
90754
90755
90757
90779
90788
90802
90807
90824
90825
90853
90856
90858
90865
90869
90875
90893
90899
90903
90927
90932
90939
90942
90945
90954
90965
90983
90996
91000
91002
91003
91005
91022
91025
91028
91047
91049
91065
91073
91078
91114
91117
91118
91125
91133
91140
91145
91154
91156
91161
91166
91170
91183
91193
91217
91257
91263
91267
91279
91280
91284
91287
91298
91307
91326
91327
91339
91352
91360
91368
91374
91383
91390
91391
91396
91398
91420
91429
91468
91484
91489
91494
91497
91509
91524
91530
91544
91546
91556
91563
91579
91579
91580
91584
91592
91611
91618
91633
91641
91646
91656
91658
91661
91673
91685
91712
91714
91723
91730
91740
91742
91755
91757
91773
91776
91801
91802
91804
91812
91818
91830
91852
91863
91870
91877
91885
91886
91907
91910
91915
91920
91932
91933
91949
91953
91968
91978
91979
92006
92017
92021
92022
92063
92074
92084
92088
92091
92095
92103
92105
92113
92124
92131
92134
92138
92140
92142
92147
92149
92172
92177
92189
92212
92214
92219
92221
92223
92248
92255
92258
92262
92271
92272
92302
92303
92306
92312
92323
92324
92327
92330
92331
92346
92350
92356
92361
92387
92397
92401
92408
92409
92412
92413
92418
92422
92424
92446
92464
92485
92499
92509
92527
92537
92539
92543
92547
92550
92566
92571
92572
92594
92613
92618
92623
92631
92632
92639
92653
92660
92665
92670
92676
92678
92692
92716
92737
92739
92746
92748
92763
92767
92780
92794
92834
92838
92844
92856
92880
92888
92895
92908
92919
92921
92940
92964
92994
93012
93026
93054
93061
93062
93068
93074
93095
93098
93108
93140
93143
93148
93171
93178
93179
93185
93192
93214
93227
93236
93261
93298
93302
93309
93322
93328
93335
93337
93372
93381
93382
93395
93405
93409
93410
93420
93422
93424
93428
93431
93441
93447
93448
93458
93484
93487
93488
93513
93514
93529
93530
93533
93538
93541
93545
93547
93548
93557
93570
93576
93606
93613
93615
93626
93632
93638
93669
93683
93685
93698
93704
93719
93722
93724
93726
93748
93752
93766
93769
93773
93775
93776
93780
93794
93801
93810
93817
93823
93825
93830
93835
93843
93846
93850
93855
93865
93883
93884
93885
93887
93889
93899
93900
93905
93909
93917
93920
93925
93927
93928
93933
93938
93941
93966
93969
93971
93974
93991
93995
94000
94020
94024
94025
94045
94047
94052
94056
94059
94067
94080
94083
94085
94087
94090
94096
94113
94118
94121
94122
94128
94133
94157
94161
94171
94172
94175
94200
94211
94215
94220
94222
94223
94256
94266
94273
94277
94280
94285
94286
94313
94327
94328
94330
94332
94345
94354
94356
94362
94364
94371
94375
94381
94384
94388
94392
94394
94397
94399
94406
94413
94419
94422
94429
94438
94455
94460
94494
94503
94507
94510
94511
94519
94529
94555
94558
94563
94565
94569
94583
94604
94606
94620
94631
94633
94639
94642
94643
94666
94670
94674
94675
94680
94686
94694
94700
94703
94712
94720
94725
94733
94757
94763
94768
94771
94775
94795
94799
94801
94803
94808
94811
94823
94830
94840
94851
94853
94868
94876
94886
94890
94892
94897
94903
94911
94927
94932
94934
94941
94945
94956
94977
94984
94985
94992
95001
95006
95013
95014
95022
95034
95036
95051
95054
95059
95064
95086
95100
95104
95109
95121
95123
95133
95143
95148
95151
95152
95157
95170
95200
95210
95210
95216
95223
95225
95228
95238
95249
95256
95268
95271
95277
95282
95292
95309
95323
95332
95342
95344
95344
95347
95357
95386
95397
95400
95400
95403
95404
95411
95414
95419
95437
95443
95454
95457
95460
95481
95502
95523
95541
95548
95571
95579
95580
95581
95585
95590
95597
95600
95614
95615
95634
95639
95641
95650
95652
95659
95660
95664
95666
95667
95677
95682
95688
95695
95703
95719
95720
95726
95733
95746
95753
95755
95770
95774
95792
95797
95817
95823
95842
95850
95870
95881
95886
95903
95909
95917
95918
95935
95937
95943
95944
95952
95956
95969
95982
95989
96011
96024
96059
96060
96067
96084
96107
96115
96135
96136
96153
96180
96191
96194
96200
96246
96257
96262
96272
96298
96313
96336
96342
96343
96351
96356
96357
96364
96369
96374
96376
96386
96395
96396
96397
96403
96413
96417
96434
96435
96438
96445
96448
96461
96467
96473
96477
96480
96489
96495
96518
96525
96529
96530
96533
96550
96554
96563
96587
96600
96616
96635
96642
96644
96646
96649
96652
96653
96661
96684
96688
96716
96719
96720
96721
96735
96742
96746
96760
96761
96769
96780
96782
96788
96794
96797
96801
96808
96809
96818
96820
96824
96833
96842
96847
96850
96869
96875
96880
96890
96918
96922
96927
96929
96941
96942
96963
96971
96974
96977
96977
96978
96979
96984
96988
96989
96994
97007
97025
97031
97039
97079
97086
97088
97111
97112
97120
97130
97131
97135
97139
97141
97144
97157
97160
97168
97177
97180
97193
97198
97200
97200
97204
97206
97206
97227
97230
97236
97247
97251
97255
97257
97258
97278
97303
97314
97315
97332
97334
97342
97346
97347
97364
97375
97376
97379
97379
97386
97392
97401
97423
97430
97431
97451
97459
97464
97465
97466
97469
97472
97516
97518
97524
97530
97546
97548
97553
97554
97556
97567
97569
97576
97582
97586
97590
97599
97613
97615
97616
97629
97631
97650
97660
97664
97665
97693
97706
97708
97712
97720
97729
97730
97747
97764
97766
97776
97777
97778
97782
97783
97786
97792
97810
97812
97814
97816
97818
97828
97833
97834
97850
97851
97853
97872
97873
97874
97876
97877
97887
97891
97894
97902
97912
97918
97926
97928
97930
97946
97947
97959
97961
97965
97966
97969
97989
97993
98000
98016
98017
98028
98030
98052
98058
98068
98084
98089
98090
98096
98097
98099
98108
98109
98130
98132
98150
98152
98169
98181
98204
98211
98216
98217
98221
98235
98243
98250
98254
98258
98288
98290
98298
98318
98328
98345
98369
98419
98427
98441
98448
98449
98462
98462
98468
98469
98475
98476
98484
98489
98501
98502
98503
98504
98517
98521
98524
98536
98540
98550
98555
98568
98577
98586
98589
98597
98599
98602
98614
98640
98641
98652
98659
98662
98671
98678
98693
98696
98699
98706
98732
98734
98739
98741
98742
98748
98749
98751
98761
98767
98777
98778
98790
98796
98797
98802
98813
98816
98827
98828
98830
98837
98840
98847
98852
98863
98874
98887
98889
98892
98893
98894
98898
98900
98908
98922
98925
98932
98953
98974
98981
98986
98990
98994
98995
99019
99024
99045
99049
99053
99054
99057
99063
99071
99083
99107
99112
99117
99160
99165
99172
99188
99191
99208
99214
99216
99221
99225
99238
99245
99247
99252
99261
99271
99279
99281
99291
99316
99325
99337
99341
99343
99372
99373
99375
99379
99392
99400
99408
99411
99411
99422
99423
99427
99430
99436
99437
99460
99473
99475
99522
99527
99528
99540
99540
99550
99558
99561
99563
99564
99564
99564
99564
99564
99564
99564
99564
99564
99564
99564
99575
99586
99592
99597
99626
99657
99658
99669
99672
99675
99688
99694
99699
99701
99730
99739
99750
99762
99804
99811
99823
99824
99842
99851
99852
99854
99872
99885
99886
99888
99889
99890
99892
99894
99903
99904
99912
99934
99951
99960
99969
99972
99984
99985
99993
99995
